158
107
100
74
68
56
41
33
39
65
88
89
92
164
178
172
172
135
131
120
113
102
86
47
42
38
30
14
21
27
42
55
56
60
67
74
119
134
144
171
150
133
130
98
96
89
79
20
13
89
94
107
116
123
125
154
165
172
157
95
0
168
140
89
86
62
37
5
35
82
154
169
157
111
108
63
51
22
14
7
26
34
80
107
131
140
154
161
178
147
142
141
127
122
101
97
81
58
48
23
14
42
73
101
118
155
144
134
134
70
62
58
43
31
6
19
45
63
72
154
154
167
180
139
132
121
72
31
31
4
4
166
104
80
57
28
31
66
97
103
114
123
124
147
153
168
143
140
84
60
59
48
43
33
33
38
41
70
113
142
153
179
152
151
129
88
30
60
61
81
105
114
130
133
135
120
95
38
35
16
15
43
90
94
106
120
122
137
173
173
115
85
66
47
9
4
26
63
90
111
112
132
147
167
171
146
134
128
104
101
63
61
55
24
23
6
7
20
25
43
50
100
153
167
147
144
140
8
25
28
31
47
51
52
76
79
111
114
151
170
170
176
165
147
129
105
103
65
57
40
32
26
16
24
26
56
96
111
120
162
166
167
136
100
14
25
47
57
80
81
89
135
137
142
155
163
179
168
115
99
84
31
21
25
28
42
52
88
111
122
149
173
134
103
96
84
59
23
29
30
44
53
94
96
121
132
137
143
171
119
106
103
97
95
41
1
8
55
90
102
107
123
134
144
151
167
167
154
133
124
94
29
11
0
6
18
23
28
4
4
166
104
80
57
28
31
66
97
103
114
123
124
147
153
168
143
140
84
60
59
48
43
33
33
38
41
70
113
142
153
179
152
151
129
88
30
60
61
81
105
114
130
133
135
120
95
38
35
16
15
43
90
94
106
120
122
137
173
173
115
85
66
47
9
4
26
63
90
111
112
132
147
167
171
146
134
128
104
101
63
61
55
24
23
6
7
20
25
43
50
100
153
167
147
144
140
8
25
28
31
47
51
52
76
79
111
114
151
170
170
176
165
147
129
105
103
65
57
40
32
26
16
24
26
56
96
111
120
162
166
167
136
100
14
25
47
57
80
81
89
135
137
142
155
163
179
168
115
99
84
31
21
25
28
42
52
88
111
122
149
173
134
103
96
84
59
23
29
30
44
53
94
96
121
132
137
143
171
119
106
103
97
95
41
1
8
55
90
102
107
123
134
144
151
167
167
154
133
124
94
29
11
0
6
18
23
28
176
173
168
166
151
129
113
112
107
99
77
71
47
36
10
31
34
36
38
76
80
87
146
163
125
120
108
105
97
88
85
49
39
2
32
34
64
100
129
149
174
168
161
154
126
107
105
85
72
70
64
47
29
0
13
19
33
53
60
63
65
84
86
90
106
111
134
165
160
136
135
111
97
12
13
17
36
39
56
65
70
100
120
132
147
160
168
161
155
104
80
77
53
46
33
25
23
8
24
26
47
57
73
101
113
174
166
146
84
78
61
54
39
38
12
30
36
54
55
65
80
92
99
131
138
143
160
162
174
164
154
147
133
92
85
10
5
4
5
20
28
69
93
93
103
120
125
154
159
166
143
140
139
126
122
103
85
81
70
64
46
35
20
22
41
43
64
79
89
91
117
132
137
148
157
157
169
158
108
86
12
21
38
41
50
60
64
78
87
129
138
156
158
168
136
119
113
91
88
74
64
58
53
16
21
83
143
159
169
161
155
155
134
131
123
102
65
57
51
46
26
18
14
32
39
158
107
100
74
68
56
41
33
39
65
88
89
92
164
178
172
172
135
131
120
113
102
86
47
42
38
30
14
21
27
42
55
56
60
67
74
119
134
144
171
150
133
130
98
96
89
79
20
13
89
94
107
116
123
125
154
165
172
157
95
177
171
146
145
141
139
138
122
98
73
60
9
41
79
84
92
95
107
109
109
167
162
161
157
120
112
99
80
78
65
51
15
24
28
39
52
92
109
120
165
174
160
122
120
119
110
88
85
78
44
44
16
22
58
91
101
111
149
174
160
139
112
98
84
82
72
71
54
45
32
13
16
30
38
41
67
70
72
73
108
166
163
137
133
132
117
103
180
171
137
95
75
64
49
13
18
82
119
135
159
161
128
113
64
30
21
19
15
0
10
14
32
62
94
129
133
148
152
159
175
166
150
149
133
110
103
67
34
29
21
13
13
23
24
35
35
40
70
99
106
120
126
131
157
146
138
123
93
80
74
69
38
19
30
39
66
86
92
98
124
145
152
136
134
91
84
49
23
13
28
66
78
79
96
124
151
152
139
92
73
59
37
8
24
27
46
84
89
119
131
157
170
172
175
174
167
164
156
145
122
27
19
1
71
118
124
139
169
168
157
150
112
48
6
15
16
43
98
100
4
13
20
34
43
59
85
108
129
134
135
140
169
165
163
149
93
79
51
17
14
7
16
95
103
113
146
148
150
173
154
154
151
136
112
93
86
77
168
149
137
132
121
79
72
61
56
55
52
32
31
10
8
0
30
38
46
75
101
144
178
166
160
98
97
71
60
49
31
31
12
16
27
56
86
123
142
161
167
146
142
142
1
45
62
68
73
74
176
165
164
159
112
40
20
18
1
17
25
28
34
37
56
63
75
153
171
158
135
123
119
115
88
52
27
22
35
73
78
79
93
100
101
110
155
137
135
95
66
40
30
26
16
65
73
100
115
118
132
153
174
163
151
126
86
80
63
47
17
18
20