178
171
168
167
159
159
158
152
150
147
144
140
137
116
116
115
107
104
89
86
69
67
66
62
55
54
53
53
45
38
37
36
28
20
13
9
5
9
15
17
20
24
28
35
35
37
38
39
45
48
54
54
63
66
66
79
82
82
84
90
100
100
114
122
128
132
135
146
152
152
154
165
169
170
179
178
172
172
171
157
145
122
120
119
111
108
107
103
101
85
68
63
62
52
51
49
46
45
44
44
37
37
35
32
31
31
26
22
14
9
0
5
5
7
15
23
25
26
28
30
34
37
38
40
43
47
49
49
53
53
57
57
65
80
89
94
97
100
103
107
118
118
119
124
131
136
140
143
144
147
152
154
161
178
164
161
148
147
142
141
127
126
122
101
97
84
81
58
55
48
46
42
41
39
33
29
23
14
14
7
17
29
31
38
42
42
54
57
61
62
65
71
73
75
79
86
101
107
112
118
131
147
148
155
158
162
164
167
170
178
173
163
144
140
134
134
123
120
109
96
93
88
70
69
62
62
58
53
51
43
41
36
31
23
15
10
6
13
19
22
23
27
31
35
41
45
57
61
63
63
72
80
96
97
101
101
106
117
126
128
130
134
154
154
155
155
167
174
180
174
167
158
143
139
139
132
128
128
121
93
78
77
75
72
71
62
61
56
55
53
0