179
156
143
138
137
132
132
130
120
117
106
101
92
91
86
79
73
68
64
61
58
37
32
23
22
19
9
3
15
27
32
33
40
50
59
64
64
69
86
99
109
136
152
161
162
163
163
178
176
161
160
158
156
150
147
146
138
128
127
110
99
91
90
90
76
70
66
66
61
58
52
49
38
35
25
22
19
18
5
14
17
18
33
35
37
38
41
52
57
65
68
75
78
89
94
107
110
120
122
128
133
136
145
146
156
161
161
168
170
178
172
172
166
161
145
144
133
128
118
115
106
106
96
93
93
92
88
86
74
62
61
56
49
46
44
35
19
1
7
21
28
30
37
46
46
59
73
74
91
101
105
105
106
111
120
121
122
132
134
148
161
166
176
171
136
133
111
109
103
70
67
60
53
51
49
49
48
38
35
31
27
14
10
12
36
46
49
57
61
72
75
82
90
91
93
99
99
110
119
125
127
128
132
135
144
146
175
169
165
161
157
154
151
135
129
109
90
87
82
74
68
64
63
62
61
59
50
48
42
33
24
10
10
10
16
23
25
32
44
60
68
68
73
92
101
109
109
121
121
145
151
160
168
179
177
174
171
155
155
150
143
142
137
129
104
101
66
62
59
59
53
52
51
46
41
39
25
22
20
15
6
2
4
9
21
42
53
57
61
66
80
86
89
97
99
105
106
109
115
117
125
130
130
134
150
151
153
173
167
164
161
160
156
144
132
132
129
123
122
121
121
118
110
105
99
90
84
80
77
66
64
62
60
59
57
49
48
47
47
45
43
40
39
37
35
20
11
27
27
29
31
34
51
54
56
61
63
65
66
68
84
87
100
101
104
109
113
124
148
165
168
159
157
149
145
140
135
116
110
80
78
77
75
71
42
9
1
2
15
32
37
37
54
55
57
64
70
82
87
111
113
124
133
151
161
162
162
170
167
163
158
156
151
150
147
146
141
129
126
119
118
115
110
98
97
85
84
80
73
68
63
49
47
35
28
27
19
14
2
13
21
42
67
68
70
74
82
85
113
118
119
160
160
161
164
169
174
175
173
172
167
166
150
145
138
136
122
118
113
108
99
99
77
72
72
63
61
61
58
54
46
46
37
29
24
23
23
15
0
13
16
33
33
37
54
68
73
77
88
101
108
110
112
113
114
125
135
141
143
157
160
163
170
172
173
180
179
175
168
148
139
136
135
131
127
126
121
117
100
99
97
97
88
79
78
65
59
54
47
39
37
36
35
31
29
27
6
3
25
31
33
37
38
53
57
62
72
77
80
85
94
119
131
135
143
149
149
166
176
174
156
146
146
145
139
135
135
128
121
121
118
113
103
102
83
77
71
67
61
54
47
34
19
11
9
9
18
20
23
40
44
46
49
61
75
87
91
98
100
105
119
124
127
134
135
141
142
145
148
152
156
160
162
163
164
174
172
154
146
140
135
129
124
102
97
95
92
87
84
82
81
77
73
71
70
57
37
30
25
24
17
12
6
6
18
20
21
39
45
87
88
92
111
114
116
127
131
139
144
149
179
171
161
149
129
71
67
66
63
58
42
38
35
21
13
12
10
8
6
10
12
22
27
37
42
48
49
50
58
59
62
70
74
80
88
102
108
111
127
140
144
