4
10
13
22
23
30
32
35
38
42
67
76
95
98
114
122
129
131
131
139
147
148
149
157
174
171
164
162
144
144
142
140
131
125
112
99
96
94
88
78
77
64
55
45
42
30
24
24
22
11
7
6
2
3
24
37
62
72
74
76
80
81
99
115
121
122
133
138
139
140
140
147
148
149
153
159
163
170
176
180
175
175
173
156
155
154
152
149
146
143
141
139
136
130
130
125
125
122
122
113
98
84
81
71
59
58
53
46
37
34
32
22
15
3
20
34
35
41
41
55
57
60
82
85
102
125
136
138
142
143
145
151
156
162
171
173
163
150
148
141
137
125
121
117
113
107
106
103
99
92
76
70
59
46
30
28
21
18
14
12
8
3
18
38
42
48
48
62
74
90
95
114
114
121
125
133
141
143
148
154
162
175
174
167
160
157
153
148
138
134
116
116
106
99
82
77
77
72
61
51
50
43
22
22
21
9
2
1
14
39
42
43
50
61
90
106
107
109
111
123
131
