178
176
11
13
15
23
26
34
43
54
87
90
110
110
111
119
121
147
148
152
153
164
176
176
161
160
159
148
144
139
137
114
110
107
103
101
91
86
77
76
57
55
46
44
38
30
20
17
17
3
24
31
34
45
49
59
71
74
107
109
118
123
125
126
128
131
140
150
156
156
162
180
178
177
171
161
144
138
134
130
127
121
106
105
101
97
96
81
80
79
78
78
77
68
64
54
46
44
31
27
26
19
14
5
2
3
4
9
9
23
24
27
38
49
50
71
93
98
121
125
126
145
150
169
177
178
177
174
171
155
139
138
127
116
114
83
80
79
65
63
42
31
21
18
14
11
11
7
10
29
33
37
51
54
57
69
75
84
84
86
93
115
117
134
150
150
161
173
175
176
167
165
164
144
129
128
122
121
119
110
104
99
98
96
82
81
80
64
59
54
46
37
23
13
1
10
17
26
33
47
50
55
64
67
76
91
96
102
103
107
123
136
155
161
161
162
174
177
172
168
164
147
144
144
138
123
109
104
95
95
90
87
70
68
60
55
45
42
41
40
39
34
21
12
10
7
25
33
62
76
77
80
86
93
97
105
143
150
159
164
166
176
167
156
154
151
146
125
122
112
111
104
99
89
87
79
75
72
56
50
48
38
28
19
17
17
8
2
19
45
50
57
75
77
79
15
166
159
143
135
130
127
125
116
115
77
64
55
42
40
37
33
17
9
8
3
21
21
30
45
48
52
53
62
62
74
76
80
94
108
113
126
127
131
135
141
146
152
161
164
169
175
178
160
148
147
143
124
121
113
113
107
98
97
95
85
81
76
74
55
49
46
44
39
33
21
16
6
11
16
34
41
67
87
102
106
113
120
126
126
126
133
139
140
142
151
162
172
177
178
179
178
173
168
146
142
138
125
114
110
106
103
99
96
90
86
80
71
66
65
49
40
39
39
31
15
13
10
3
8
19
23
25
40
48
51
54
63
82
94
176
180
177
169
166
164
144
136
136
111
99
84
79
72
72
69
65
48
43
37
31
30
25
6
8
13
19
20
22
23
29
32
34
43
46
57
71
75
83
86
101
123
130
133
134
135
142
152
153
155
155
172
178
173
156
156
153
151
151
151
145
142
141
137
130
130
129
121
113
111
111
106
106
97
86
82
79
78
63
63
47
47
41
37
33
30
23
22
17
6
29
33
40
47
55
61
69
79
91
98
131
135
139
143
144
158
167
170
173
171
170
160
145
143
123
121
120
115
113
87
78
75
67
66
66
66
61
53
49
41
41
41
35
34
28
27
18
13
10
8
5
5
9
15
45
59
71
74
78
81
94
108
124
126
129
135
135
139
143
156
179
168
149
