176
176
15
79
104
127
152
149
112
81
75
63
54
53
30
23
13
39
42
99
124
125
136
140
151
151
141
138
108
65
35
23
2
30
31
53
95
149
118
117
97
72
64
47
43
47
62
88
146
149
169
165
136
88
84
72
57
55
40
4
8
67
98
118
137
176
176
154
116
88
66
65
45
30
9
6
36
48
54
79
82
121
122
129
161
162
174
172
160
155
137
129
78
24
14
35
38
42
155
152
149
132
128
127
102
99
67
64
26
7
6
6
17
35
54
78
80
119
127
145
153
159
163
155
153
122
82
67
58
15
10
14
46
83
166
154
132
122
98
97
89
42
40
35
21
13
2
13
68
84
100
153
164
154
152
137
126
90
67
56
27
9
48
80
87
99
125
161
150
149
135
126
83
82
56
45
40
34
5
63
76
80
86
88
143
179
171
124
88
75
71
54
43
33
26
9
14
28
49
58
88
156
174
180
173
162
156
152
