Height_m Chi2 DF P_Value
0.0000 81.11 35 1.597915e-05
0.1000 80.21 35 2.096150e-05
0.2000 79.19 35 2.850686e-05
0.3000 78.09 35 3.959275e-05
0.4000 77.12 35 5.268080e-05
0.5000 76.26 35 6.794257e-05
0.6000 75.46 35 8.566915e-05
0.7000 74.74 35 1.056724e-04
0.8000 74.04 35 1.291150e-04
0.9000 73.36 35 1.565639e-04
1.0000 72.72 35 1.879397e-04
1.1000 72.13 35 2.217712e-04
1.2000 71.60 35 2.574200e-04
1.3000 71.13 35 2.937506e-04
1.4000 70.71 35 3.303276e-04
1.5000 70.33 35 3.662245e-04
1.6000 70.02 35 3.996278e-04
1.7000 69.74 35 4.305880e-04
1.8000 69.51 35 4.590526e-04
1.9000 69.31 35 4.847613e-04
2.0000 69.14 35 5.077893e-04
2.1000 69.00 35 5.281443e-04
2.2000 68.87 35 5.460862e-04
2.3000 68.77 35 5.616465e-04
2.4000 68.68 35 5.753323e-04
2.5000 68.61 35 5.871391e-04
2.6000 68.54 35 5.975113e-04
2.7000 68.49 35 6.066311e-04
2.8000 68.44 35 6.146527e-04
2.9000 68.40 35 6.214964e-04
3.0000 68.36 35 6.271524e-04
3.1000 68.34 35 6.315335e-04
3.2000 68.32 35 6.345444e-04
3.3000 68.31 35 6.361877e-04
3.4000 68.31 35 6.365633e-04
3.5000 68.31 35 6.359226e-04
3.6000 68.32 35 6.341882e-04
3.7000 68.34 35 6.313643e-04
3.8000 68.36 35 6.276090e-04
3.9000 68.39 35 6.229045e-04
4.0000 68.42 35 6.173879e-04
4.1000 68.46 35 6.110015e-04
4.2000 68.50 35 6.040298e-04
4.3000 68.55 35 5.964274e-04
4.4000 68.60 35 5.884425e-04
4.5000 68.65 35 5.801866e-04
4.6000 68.71 35 5.717794e-04
4.7000 68.76 35 5.632738e-04
4.8000 68.82 35 5.548175e-04
4.9000 68.87 35 5.463908e-04
5.0000 68.93 35 5.380149e-04
5.1000 68.99 35 5.298924e-04
5.2000 69.04 35 5.219470e-04
5.3000 69.10 35 5.140554e-04
5.4000 69.15 35 5.065786e-04
5.5000 69.20 35 4.991867e-04
5.6000 69.26 35 4.921230e-04
5.7000 69.31 35 4.853799e-04
5.8000 69.36 35 4.788303e-04
5.9000 69.40 35 4.727149e-04
6.0000 69.45 35 4.668898e-04
6.1000 69.49 35 4.614038e-04
6.2000 69.53 35 4.562741e-04
6.3000 69.57 35 4.513672e-04
6.4000 69.61 35 4.468836e-04
6.5000 69.64 35 4.426930e-04
6.6000 69.68 35 4.387763e-04
6.7000 69.71 35 4.352059e-04
6.8000 69.73 35 4.318734e-04
6.9000 69.76 35 4.288376e-04
7.0000 69.78 35 4.260850e-04
7.1000 69.81 35 4.235492e-04
7.2000 69.82 35 4.212775e-04
7.3000 69.84 35 4.192329e-04
7.4000 69.86 35 4.174126e-04
7.5000 69.87 35 4.157885e-04
7.6000 69.88 35 4.143647e-04
7.7000 69.90 35 4.131283e-04
7.8000 69.91 35 4.120526e-04
7.9000 69.91 35 4.111317e-04
8.0000 69.92 35 4.103748e-04
8.1000 69.93 35 4.097324e-04
8.2000 69.93 35 4.092065e-04
8.3000 69.93 35 4.087539e-04
8.4000 69.94 35 4.083791e-04
8.5000 69.94 35 4.080650e-04
8.6000 69.94 35 4.077982e-04
8.7000 69.95 35 4.075654e-04
8.8000 69.95 35 4.073836e-04
8.9000 69.95 35 4.072308e-04
9.0000 69.95 35 4.071066e-04
9.1000 69.95 35 4.070042e-04
9.2000 69.95 35 4.069344e-04
9.3000 69.95 35 4.068794e-04
9.4000 69.95 35 4.068382e-04
9.5000 69.95 35 4.068108e-04
9.6000 69.95 35 4.067944e-04
9.7000 69.95 35 4.067847e-04
9.8000 69.95 35 4.067796e-04
9.9000 69.95 35 4.067781e-04
10.0000 69.95 35 4.067781e-04
10.1000 69.95 35 4.067781e-04
10.2000 69.95 35 4.067781e-04
10.3000 69.95 35 4.067781e-04
10.4000 69.95 35 4.067781e-04
10.5000 69.95 35 4.067781e-04
10.6000 69.95 35 4.067781e-04
10.7000 69.95 35 4.067781e-04
10.8000 69.95 35 4.067781e-04
10.9000 69.95 35 4.067781e-04
11.0000 69.95 35 4.067781e-04
11.1000 69.95 35 4.067781e-04
11.2000 69.95 35 4.067781e-04
11.3000 69.95 35 4.067781e-04
11.4000 69.95 35 4.067781e-04
11.5000 69.95 35 4.067781e-04
11.6000 69.95 35 4.067781e-04
11.7000 69.95 35 4.067781e-04
11.8000 69.95 35 4.067781e-04
11.9000 69.95 35 4.067781e-04
12.0000 69.95 35 4.067781e-04
12.1000 69.95 35 4.067781e-04
12.2000 69.95 35 4.067781e-04
12.3000 69.95 35 4.067781e-04
12.4000 69.95 35 4.067781e-04
12.5000 69.95 35 4.067781e-04
12.6000 69.95 35 4.067781e-04
12.7000 69.95 35 4.067781e-04
12.8000 69.95 35 4.067781e-04
12.9000 69.95 35 4.067781e-04
13.0000 69.95 35 4.067781e-04
13.1000 69.95 35 4.067781e-04
13.2000 69.95 35 4.067781e-04
13.3000 69.95 35 4.067781e-04
13.4000 69.95 35 4.067781e-04
13.5000 69.95 35 4.067781e-04
13.6000 69.95 35 4.067781e-04
13.7000 69.95 35 4.067781e-04
13.8000 69.95 35 4.067781e-04
13.9000 69.95 35 4.067781e-04
14.0000 69.95 35 4.067781e-04
14.1000 69.95 35 4.067781e-04
14.2000 69.95 35 4.067781e-04
14.3000 69.95 35 4.067781e-04
14.4000 69.95 35 4.067781e-04
14.5000 69.95 35 4.067781e-04
14.6000 69.95 35 4.067781e-04
14.7000 69.95 35 4.067781e-04
14.8000 69.95 35 4.067781e-04
14.9000 69.95 35 4.067781e-04
15.0000 69.95 35 4.067781e-04
