78
65
53
27
87
80
160
32
164
71
142
17
106
17
161
125
26
64
100
170
71
79
120
34
8
19
116
85
126
78
149
165
109
13
87
161
20
81
81
76
130
42
41
102
30
86
0
18
91
26
135
78
84
23
168
78
105
110
106
27
19
133
176
145
115
145
17
27
18
172
130
41
169
70
86
146
47
22
77
99
10
22
100
58
123
3
62
128
116
156
101
75
126
22
25
159
68
141
69
108
58
151
110
111
107
71
33
93
2
72
22
111
109
56
83
69
83
121
67
72
79
140
54
159
27
40
179
54
166
67
44
89
71
28
59
63
87
120
10
170
98
85
97
31
14
59
29
120
79
97
118
165
116
154
83
110
159
126
179
92
121
53
67
110
86
167
133
64
5
102
67
31
145
35
16
17
160
173
137
134
124
29
157
131
155
116
34
135
47
44
119
169
26
27
7
80
35
151
26
161
47
23
144
54
96
106
48
107
133
55
63
4
79
92
66
177
165
155
5
155
72
34
11
27
94
116
3
91
131
116
66
30
47
144
166
144
34
169
163
135
62
16
27
110
152
103
160
73
64
30
130
116
112
36
123
75
79
102
66
112
113
15
1
5
91
143
97
66
167
32
67
52
106
56
41
23
141
132
37
28
84
92
121
173
105
22
124
170
46
71
155
65
105
98
128
18
110
163
5
60
107
81
75
170
17
30
56
54
158
171
132
28
67
129
106
88
109
9
18
80
164
86
115
93
79
23
77
117
100
118
86
142
57
44
122
12
46
122
109
136
155
164
31
36
47
104
153
75
138
119
156
12
121
149
155
5
4
45
46
137
134
28
102
138
114
20
152
33
50
163
53
142
53
23
76
48
136
14
69
171
86
74
146
168
82
131
112
173
80
15
155
20
150
104
49
105
146
14
85
39
40
154
147
110
170
71
52
119
2
18
2
95
93
123
101
109
66
48
34
91
133
121
153
90
56
136
20
49
3
83
82
167
103
160
160
2
48
131
44
9
153
160
26
4
133
18
69
132
79
75
151
159
176
90
142
92
154
135
115
43
140
159
74
53
168
144
106
58
150
128
127
111
75
103
78
115
163
20
22
78
9
136
1
117
176
175
2
15
175
140
131
24
174
82
171
86
103
20
94
113
23
106
57
112
137
42
92
86
174
12
15
128
144
107
31
124
20
128
21
35
137
74
109
138
70
112
80
70
174
50
18
71
154
86
21
49
159
72
33
81
30
87
157
102
170
143
55
163
134
122
34
174
94
173
120
176
148
42
170
83
66
51
53
158
14
105
67
99
155
91
92
42
62
151
44
148
163
54
54
50
68
99
33
87
103
29
143
85
83
75
53
56
25
64
104
49
163
136
117
133
4
53
161
34
175
42
134
134
82
28
131
170
96
115
76
28
82
143
111
6
146
99
97
135
67
57
24
112
39
131
47
21
70
14
27
48
3
107
8
178
100
60
101
133
121
118
179
153
49
0
94
33
149
121
118
152
127
124
24
96
40
128
91
59
108
52
93
1
137
84
143
167
64
93
137
26
17
18
13
123
105
165
121
107
57
55
109
19
61
70
15
150
48
138
163
76
54
104
60
56
62
82
37
149
46
168
79
58
123
29
10
44
70
144
30
119
140
104
62
149
70
7
6
17
47
76
51
131
42
122
32
134
75
37
89
3
160
82
165
93
100
179
154
100
149
62
136
136
4
128
9
126
46
143
156
110
137
95
21
8
77
29
143
66
2
53
134
83
74
106
104
34
177
52
4
4
149
157
120
159
86
48
27
18
84
37
11
102
147
5
74
39
70
10
112
84
46
161
99
155
154
131
80
111
52
100
59
177
30
132
153
154
80
88
171
14
90
71
122
122
146
93
76
120
26
126
133
29
91
148
16
81
84
159
132
136
153
104
10
166
13
176
163
69
36
155
147
151
17
62
14
29
79
61
10
113
137
115
127
59
51
106
40
92
88
9
141
30
49
38
151
67
142
168
56
159
96
43
140
67
72
11
3
156
24
117
20
83
67
24
126
42
83
73
51
127
115
86
42
48
131
23
25
174
49
116
144
32
154
122
69
150
43
146
132
42
62
57
73
96
166
74
105
171
32
137
97
129
136
137
68
75
1
53
34
90
161
120
136
1
136
159
12
77
109
98
21
92
123
26
37
103
125
88
114
170
141
78
61
75
103
166
13
23
143
153
20
28
33
48
111
150
90
114
102
47
49
33
144
164
121
4
73
44
58
59
44
34
129
98
16
76
128
21
160
71
111
56
91
90
142
177
166
102
56
164
3
38
105
148
1
157
89
124
169
24
72
64
88
49
43
2
37
8
126
66
50
162
91
14
120
126
8
148
121
115
160
137
148
147
16
54
7
147
170
81
65
158
18
29
83
107
75
77
125
105
126
90
132
83
121
42
176
62
67
32
138
69
128
100
15
166
56
40
99
81
128
143
100
28
13
12
125
150
136
29
20
12
5
72
171
147
85
103
108
29
35
131
80
18
139
133
86
66
104
130
20
60
22
168
11
132
90
30
76
122
99
127
17
118
79
48
162
150
95
160
135
42
170
151
45
84
151
87
49
90
71
81
132
138
157
37
141
10
82
146
141
72
10
64
61
18
119
49
178
175
68
38
159
46
88
119
14
142
48
118
164
156
36
165
104
10
53
66
82
53
35
115
42
50
79
51
169
50
112
118
93
176
38
146
161
174
153
45
140
110
20
72
142
127
156
122
112
124
140
137
127
170
88
36
118
164
152
71
170
130
105
90
68
160
48
86
43
71
83
31
122
90
132
171
179
166
158
114
119
41
61
44
54
64
137
40
6
45
54
135
17
111
36
12
111
24
121
28
149
94
62
127
102
31
95
5
120
124
150
131
105
147
103
123
56
77
126
95
174
154
124
95
66
113
102
43
176
132
112
85
32
15
111
173
159
55
32
130
105
118
151
121
91
24
43
120
143
162
115
109
141
51
48
26
152
62
97
163
14
168
60
8
102
67
176
36
153
114
103
147
126
56
71
17
168
177
36
120
169
153
24
8
157
162
47
56
14
47
126
157
151
177
162
91
79
152
98
178
105
173
132
154
118
40
113
80
10
24
120
16
54
92
66
78
87
39
80
69
115
61
82
81
33
21
78
54
61
157
163
122
36
44
7
122
47
42
5
21
94
113
148
42
72
113
133
122
89
142
26
97
87
174
62
98
158
74
0
48
65
52
60
48
53
174
154
23
103
89
128
74
67
114
146
135
139
168
152
127
79
161
122
103
143
76
13
172
102
34
99
71
102
5
1
117
119
174
124
127
64
70
69
14
148
105
171
123
13
76
82
131
90
110
13
164
35
176
56
82
156
133
137
13
13
131
28
88
32
43
4
86
71
14
40
66
154
167
171
35
14
90
57
39
32
3
114
123
94
134
46
92
92
92
168
96
14
158
68
125
161
98
31
51
101
51
78
104
110
0
163
138
66
72
101
13
13
50
99
69
49
76
130
131
169
44
102
6
127
36
115
111
170
8
57
0
82
103
168
12
179
25
111
94
96
63
100
164
175
29
164
173
131
29
93
53
77
46
170
100
47
169
93
106
163
51
61
100
97
135
70
53
58
173
97
13
137
108
118
146
46
13
58
151
22
67
98
25
6
42
173
171
116
112
175
140
176
96
71
144
167
158
32
98
109
111
36
54
112
177
42
132
175
5
23
12
61
164
82
58
145
162
135
86
137
52
61
67
57
17
9
39
122
75
174
25
36
67
51
111
124
29
66
154
20
100
66
100
44
79
154
168
24
43
98
61
131
54
95
152
80
144
10
57
143
29
89
130
42
164
59
36
112
51
143
128
137
76
32
58
98
71
138
95
66
47
104
99
129
64
17
179
46
55
113
75
177
101
31
156
85
177
170
165
126
153
68
116
13
19
95
136
7
114
52
105
6
104
90
142
152
79
95
21
93
18
38
160
51
112
158
16
160
0
13
163
5
159
30
82
4
48
126
65
28
99
165
72
99
10
59
51
78
116
13
22
76
169
22
65
138
23
177
156
71
156
108
57
87
41
84
133
166
176
126
155
140
57
84
104
5
171
16
54
73
125
59
48
124
146
39
56
132
73
131
175
151
8
54
144
138
155
131
87
150
56
112
37
147
74
62
42
74
172
110
172
138
102
107
113
69
37
36
4
117
68
87
110
162
133
119
162
20
127
142
145
59
98
23
73
65
56
125
5
87
38
53
178
61
86
149
166
13
149
156
72
79
149
155
124
100
174
30
70
4
19
126
25
66
131
36
0
52
45
55
153
156
32
83
24
142
66
160
93
133
46
27
13
36
68
52
128
2
166
94
74
69
144
130
97
131
23
11
145
85
151
168
21
61
38
166
146
128
163
27
162
60
74
138
129
114
10
104
106
138
8
120
43
22
29
97
173
93
49
131
118
136
141
56
74
127
36
132
89
150
2
101
118
22
93
167
93
85
165
5
67
74
91
66
70
163
157
90
152
80
95
114
82
104
141
35
72
93
20
134
14
6
15
117
57
133
13
178
9
170
153
139
36
82
136
97
52
109
146
75
146
154
68
161
51
62
133
6
89
41
162
72
132
81
17
33
22
178
102
142
55
135
128
67
44
90
121
67
2
30
17
52
118
27
131
50
115
157
79
107
48
102
23
160
157
128
83
66
69
150
47
176
118
93
34
150
62
133
20
150
116
98
113
156
72
16
50
70
135
54
41
169
39
52
105
22
103
55
144
36
66
165
8
49
88
16
99
176
11
25
148
30
129
84
126
58
4
20
19
78
134
65
128
73
168
25
10
81
156
55
59
42
10
132
16
25
63
81
64
81
126
144
74
175
2
52
85
70
40
24
72
177
8
48
155
64
67
63
143
132
165
59
125
103
151
70
92
89
147
42
108
39
63
71
20
163
63
96
142
27
81
22
166
101
132
116
19
16
18
75
54
44
53
159
107
173
61
69
116
161
58
34
115
50
84
179
17
38
68
85
52
55
86
105
11
25
134
15
102
27
156
49
94
115
100
137
6
69
27
142
156
37
105
70
61
33
0
154
143
162
48
148
174
75
77
84
100
94
57
88
76
23
129
101
165
40
104
150
101
151
16
38
12
54
174
45
34
120
114
39
56
52
134
86
23
38
7
95
93
128
19
75
53
105
109
91
149
58
24
70
37
143
34
57
107
112
25
104
121
118
70
141
59
18
168
40
124
161
25
13
35
69
173
125
107
166
115
77
8
70
44
14
42
90
115
46
14
9
123
149
154
107
45
7
46
169
46
115
173
4
73
76
91
54
102
132
17
115
23
154
132
157
146
114
131
96
72
109
7
146
168
171
116
32
28
22
121
54
174
109
6
44
135
162
76
84
122
39
172
18
141
91
83
155
151
168
6
171
37
80
50
18
119
49
107
165
134
104
144
17
148
132
135
83
72
158
82
165
75
26
6
26
118
101
126
115
68
26
131
110
87
90
6
85
170
174
94
80
51
18
73
72
152
29
2
112
15
71
132
153
73
17
2
149
91
177
88
138
58
47
50
147
132
112
169
25
66
178
107
85
161
78
6
87
163
11
92
152
106
99
159
108
140
174
157
54
137
66
128
74
173
167
109
166
108
79
48
162
85
37
93
105
167
83
167
52
62
169
1
12
90
96
78
114
55
22
71
114
38
55
177
69
87
95
27
148
0
112
34
110
28
157
93
76
16
179
172
136
49
148
69
35
65
120
131
105
105
49
175
138
127
128
21
165
165
76
79
134
125
23
82
132
76
79
61
102
137
108
121
28
11
35
11
73
169
159
7
53
51
169
142
70
24
19
28
9
152
57
144
25
67
58
6
76
31
102
21
95
101
141
155
133
104
69
149
84
64
69
13
124
112
82
90
116
53
104
159
111
16
50
157
28
48
62
20
75
128
174
118
3
57
176
69
109
135
4
163
96
63
128
8
175
40
61
134
137
74
35
146
178
69
51
32
136
175
36
160
86
1
153
179
68
163
83
146
21
20
95
162
74
103
46
55
62
154
132
15
174
72
146
76
170
172
12
167
140
11
59
130
151
121
151
5
130
109
138
105
144
123
152
29
35
55
27
25
131
96
12
70
74
130
122
170
175
16
29
6
157
144
39
141
55
76
32
32
115
145
119
162
9
110
106
170
128
77
63
127
136
21
46
174
112
37
71
5
92
105
28
55
124
155
46
147
38
0
38
113
37
132
130
47
134
167
14
124
66
113
52
95
156
122
111
83
102
138
96
147
19
6
82
133
155
125
93
31
0
26
66
80
68
86
135
167
40
103
164
129
3
157
37
56
12
152
63
124
174
141
98
71
134
166
138
156
21
89
161
50
22
66
135
60
19
27
177
91
82
131
122
154
53
46
125
44
36
50
83
27
166
33
132
47
145
21
145
37
27
126
144
78
74
118
23
0
77
144
162
45
120
138
28
42
1
114
26
75
43
149
113
100
52
125
37
119
6
95
27
128
112
85
57
54
122
4
172
96
58
97
125
30
85
68
81
126
3
146
87
69
172
140
46
126
94
155
110
138
53
91
12
92
8
38
171
154
131
27
97
109
120
55
175
54
122
68
10
14
109
149
139
63
138
139
11
27
179
87
56
140
113
151
112
149
46
79
64
108
144
94
5
155
170
17
57
95
156
28
152
138
46
57
31
171
163
105
151
147
156
97
21
25
21
51
75
165
107
26
123
43
72
78
53
102
6
137
42
8
109
90
85
28
23
138
109
94
68
34
60
130
4
151
178
148
170
148
121
169
58
15
126
146
95
74
142
120
163
10
38
108
105
2
170
57
80
69
139
25
163
69
142
61
137
166
36
95
107
70
70
85
147
138
54
37
33
53
148
122
76
43
89
79
124
65
98
140
120
94
79
141
109
37
107
74
148
78
128
76
64
16
162
127
138
148
99
9
43
83
24
23
93
111
159
109
72
112
78
46
176
127
178
12
34
70
69
149
177
142
52
52
16
141
7
125
9
154
90
132
125
86
1
62
16
41
7
82
152
63
77
19
146
133
157
148
24
37
42
64
126
29
80
26
80
84
21
167
82
6
152
108
144
136
73
55
96
122
7
2
29
118
158
51
89
53
105
54
52
12
53
153
127
89
98
88
52
137
155
114
73
111
168
63
45
132
172
117
117
11
173
86
38
160
19
39
144
131
0
97
116
158
50
18
76
116
118
76
142
41
118
56
113
86
122
7
17
41
31
113
85
169
8
21
85
173
124
59
28
11
40
168
67
29
73
135
160
138
60
105
57
115
147
109
72
67
102
101
62
47
27
52
57
31
63
50
42
143
39
69
42
107
22
69
145
43
31
73
148
66
9
70
164
170
55
154
163
125
12
131
120
42
32
154
43
54
9
54
136
115
116
139
159
18
114
99
49
178
20
141
89
116
122
86
146
7
134
145
99
129
158
164
3
0
15
129
134
88
19
53
10
48
156
140
164
39
140
168
103
126
53
83
57
25
130
92
131
173
78
96
141
136
84
152
138
54
133
93
94
139
129
82
36
50
102
65
5
12
162
178
151
14
3
5
49
162
12
1
103
6
105
4
98
58
4
112
29
78
138
153
43
11
54
42
144
172
90
116
67
83
68
47
96
40
127
140
124
5
126
72
100
174
94
16
133
112
131
179
170
118
153
62
148
87
58
36
124
171
63
28
160
3
106
97
129
134
153
100
113
96
115
40
23
147
141
111
45
157
11
128
20
23
131
131
144
104
141
117
170
39
57
72
165
91
63
82
123
177
120
26
97
134
151
68
112
79
76
119
159
169
44
121
139
98
164
163
176
109
80
41
0
125
65
2
83
33
94
174
75
154
160
159
165
24
172
50
73
104
110
14
73
78
179
118
131
133
155
90
77
129
114
128
110
43
42
177
49
127
119
80
83
28
109
141
25
4
51
115
74
74
56
127
165
3
31
120
172
173
81
122
76
162
84
64
109
119
99
101
30
48
125
91
113
162
45
87
10
115
145
91
49
69
142
134
18
47
147
164
44
110
125
95
86
117
158
26
103
165
92
146
119
140
130
27
19
7
103
52
154
7
131
106
140
115
38
107
38
152
85
59
174
18
115
3
20
156
97
11
130
63
101
21
31
24
160
71
55
136
147
37
121
155
78
85
57
123
44
146
100
86
165
90
131
116
33
12
25
130
146
141
116
103
138
138
154
28
69
148
40
120
15
76
154
71
3
144
87
135
33
177
66
30
139
79
82
68
110
106
152
110
98
121
75
111
53
50
128
157
113
93
30
149
59
62
135
100
97
76
148
12
156
93
179
95
109
85
176
51
78
1
31
99
128
41
11
32
118
32
120
169
138
14
50
162
142
50
29
7
39
92
140
177
23
87
11
65
146
67
44
72
161
167
11
127
178
7
121
139
35
27
167
176
31
164
9
85
49
75
112
43
130
60
14
159
113
136
95
135
125
8
67
153
150
84
76
171
17
128
109
120
136
46
91
73
26
59
1
8
111
42
134
164
104
75
167
79
57
122
58
75
89
157
126
115
102
58
76
154
147
27
35
137
3
100
138
84
110
56
121
82
67
12
103
111
65
73
43
101
90
77
58
17
30
45
58
158
54
125
170
42
153
45
154
80
126
20
130
121
131
43
119
151
62
37
47
109
161
163
175
142
125
13
111
23
69
118
6
62
154
155
138
165
16
28
173
57
15
83
31
101
91
51
120
104
141
177
64
1
145
94
164
35
83
77
140
26
22
127
22
80
39
47
97
42
175
41
112
125
65
30
38
122
114
152
35
103
102
44
18
46
19
127
55
88
129
58
139
101
107
16
135
127
44
7
64
41
138
161
54
173
62
141
114
119
45
163
20
96
137
118
175
146
22
27
59
80
113
139
83
32
8
174
159
17
138
26
2
34
89
149
14
75
64
45
106
154
168
72
58
28
115
136
30
37
62
179
91
121
38
13
80
88
118
49
64
149
149
88
59
93
105
26
22
162
86
10
179
127
39
155
71
70
12
113
136
115
152
142
68
6
104
63
22
168
178
163
83
117
113
114
144
51
128
88
169
59
7
83
169
62
92
30
74
151
58
120
9
5
175
116
143
67
72
54
149
47
175
66
4
41
21
141
88
34
70
143
40
11
102
61
92
70
85
162
69
35
119
111
169
138
100
19
66
124
64
8
21
111
0
22
45
35
169
150
150
65
109
122
168
147
136
139
44
10
158
59
152
120
48
163
5
123
67
82
69
12
21
52
147
102
87
150
146
60
72
145
0
160
128
10
92
10
83
176
28
112
110
26
81
108
178
75
72
128
27
4
146
49
63
60
45
35
106
98
158
6
57
45
65
59
172
29
3
117
12
126
77
146
51
173
21
176
110
56
16
12
69
39
148
86
160
48
159
55
69
123
73
125
145
93
36
32
38
45
179
28
159
96
35
30
168
59
143
21
42
51
144
125
157
68
128
32
101
127
66
158
136
99
46
103
125
154
155
80
28
106
92
167
137
143
61
98
123
30
120
9
65
161
48
173
67
116
166
173
139
155
142
21
159
74
157
103
164
47
150
135
8
80
109
135
32
141
19
155
141
58
87
53
94
6
138
68
81
108
15
122
109
42
109
135
1
135
131
115
23
18
33
73
154
19
90
5
125
32
33
106
132
44
163
36
114
109
133
71
165
0
131
63
143
154
16
84
134
175
131
65
149
131
140
68
116
162
165
58
144
62
178
27
114
1
77
111
164
5
115
112
22
82
159
103
128
104
120
36
8
70
178
161
9
159
178
9
3
75
100
126
19
156
103
52
30
175
101
176
78
152
116
178
66
171
153
130
40
56
8
141
104
103
103
47
54
112
145
144
171
46
68
69
3
136
52
26
57
46
78
179
125
147
74
163
80
85
159
98
16
136
161
150
9
98
138
157
37
65
112
98
7
99
131
141
101
140
85
62
156
63
176
165
63
114
40
38
36
65
74
70
86
139
55
153
73
113
69
58
30
143
108
85
99
57
131
128
133
133
110
25
83
62
88
150
142
32
144
103
51
53
143
140
109
27
34
14
85
166
128
158
35
32
87
138
125
150
148
54
94
131
67
151
129
146
83
35
76
44
32
81
176
97
11
132
70
105
5
139
60
43
115
85
170
152
88
113
12
51
124
104
13
34
141
170
133
50
144
150
139
149
174
78
30
15
113
114
89
114
39
93
149
177
86
129
134
167
87
0
94
77
112
2
89
8
42
26
154
77
54
96
144
42
11
77
112
150
67
64
67
97
72
32
102
28
15
94
103
124
158
170
19
157
93
115
2
100
162
121
82
114
133
125
129
31
126
0
161
150
141
121
11
94
126
122
18
51
22
49
63
12
50
15
15
64
174
139
129
32
151
118
144
176
47
31
91
107
145
102
41
65
16
173
37
79
173
147
44
32
145
128
98
129
160
92
100
122
85
26
16
132
99
119
63
149
159
34
107
15
34
64
34
31
36
100
27
162
1
4
38
125
108
117
148
6
13
12
151
139
87
15
51
165
130
121
147
118
36
157
153
33
151
91
177
161
30
24
110
11
95
44
28
165
132
127
49
0
46
24
19
133
6
26
148
93
38
89
106
160
176
73
48
38
134
163
66
138
83
94
150
5
74
159
158
83
55
11
41
55
117
105
122
170
138
140
15
116
124
109
17
25
48
19
163
10
159
175
47
74
93
31
148
125
112
3
18
169
37
49
42
65
175
88
63
116
61
6
56
49
41
165
25
81
139
118
38
0
109
97
120
137
122
130
61
127
129
139
110
158
106
168
92
129
144
108
8
133
165
18
152
124
44
74
21
111
166
15
176
133
148
124
68
130
130
73
147
145
33
121
65
122
38
22
84
101
82
168
70
7
119
112
170
8
85
13
112
151
92
92
32
31
156
25
26
101
132
47
131
157
97
109
6
53
90
165
17
129
96
162
150
4
40
157
138
179
134
146
10
45
79
85
98
80
46
106
142
119
120
90
122
16
73
170
175
35
27
160
37
163
109
72
14
17
152
101
0
175
144
138
130
25
149
90
144
119
67
41
115
108
106
169
74
14
19
163
30
72
55
147
31
161
69
65
153
43
93
30
75
20
143
7
119
15
40
82
22
21
70
107
139
108
65
54
52
141
74
158
27
38
129
133
5
40
164
41
119
173
118
85
114
124
104
24
99
57
39
74
153
1
79
116
82
35
174
131
127
4
121
34
36
82
116
65
75
35
3
120
66
44
81
26
141
130
8
99
96
94
58
133
102
168
142
172
56
40
95
55
166
20
2
97
154
39
96
93
33
96
23
165
171
110
162
62
81
146
0
112
92
54
16
123
81
108
20
51
89
26
116
24
60
7
94
49
72
113
12
51
32
103
52
7
81
164
49
65
172
47
151
51
127
179
9
46
4
74
160
92
99
55
95
57
84
120
124
163
150
22
170
53
56
128
95
112
98
43
143
93
42
116
177
18
136
103
144
178
123
4
149
121
18
80
140
54
118
73
18
170
41
163
76
150
61
26
67
16
39
82
29
105
155
83
125
138
162
158
173
112
8
110
87
133
99
160
62
78
153
50
22
25
113
162
145
23
29
111
106
131
174
47
20
164
147
131
147
86
159
150
69
123
146
19
74
133
143
70
117
133
129
53
152
44
137
135
59
103
54
16
116
115
93
132
32
87
108
4
59
48
125
84
7
117
179
144
20
167
41
88
29
149
108
63
132
106
108
144
112
13
27
11
29
12
102
108
157
73
125
153
118
126
94
21
18
175
40
129
9
96
62
13
175
5
115
58
167
143
134
58
118
115
19
172
20
120
126
169
95
143
173
5
65
65
39
64
112
103
134
16
118
16
84
82
136
45
137
67
143
168
148
160
113
73
144
115
61
12
52
127
100
128
65
156
47
76
106
116
48
139
35
51
122
138
152
120
81
34
48
130
139
61
117
30
83
63
68
119
142
120
54
128
97
52
92
10
120
18
106
72
73
107
36
169
50
4
15
151
141
148
35
176
41
15
97
149
85
105
156
145
159
171
82
141
62
159
37
153
148
84
127
34
138
177
121
137
101
40
50
44
51
167
155
34
10
123
165
122
177
72
111
179
130
28
80
144
40
164
122
48
34
109
160
82
54
115
92
152
41
111
119
7
72
107
89
123
103
1
55
52
81
171
59
38
64
157
142
38
19
34
7
120
10
119
103
121
148
79
176
47
74
154
101
150
45
80
90
115
165
154
142
101
40
155
132
146
36
106
21
58
6
19
53
98
82
121
83
25
96
129
71
147
137
85
104
171
125
114
131
47
55
163
49
36
69
154
169
54
126
68
135
94
130
59
91
93
106
105
39
123
112
95
3
43
94
133
97
125
90
48
131
39
77
130
73
117
77
144
9
136
160
145
76
162
6
54
144
158
5
123
174
133
31
150
102
164
171
65
122
161
26
174
11
94
106
131
86
45
119
112
140
53
172
55
67
112
134
160
102
82
112
166
56
27
28
30
3
38
52
147
127
15
165
39
3
78
70
19
105
21
74
65
25
122
135
44
142
151
150
135
97
120
163
163
44
162
106
47
6
40
62
55
167
81
132
44
64
102
94
122
85
171
109
89
58
30
179
88
80
73
116
81
146
89
46
172
36
5
163
100
11
29
19
87
73
176
120
173
161
23
86
52
97
63
108
48
6
18
109
25
98
30
59
24
9
65
25
32
1
73
78
16
136
152
136
39
141
153
151
56
82
5
129
114
111
106
100
72
46
16
109
119
143
148
96
95
150
84
42
44
122
168
146
76
92
97
123
20
144
169
123
117
30
160
174
143
175
110
29
74
134
148
78
146
149
13
32
166
87
15
64
165
66
84
141
95
41
160
47
26
121
105
41
28
73
173
146
95
80
115
48
160
132
0
173
37
103
18
51
97
70
64
89
8
38
135
104
145
150
17
145
146
127
137
80
33
121
121
148
138
23
132
91
33
34
96
33
156
2
27
86
72
27
81
132
132
107
107
82
76
65
104
52
172
139
128
138
16
53
50
44
61
106
82
157
49
127
29
56
126
126
131
87
41
93
30
65
24
123
94
48
3
173
18
104
90
112
108
111
65
123
156
20
132
5
154
22
18
125
74
60
122
98
16
167
173
31
129
16
161
165
95
166
56
37
162
75
179
50
158
157
13
75
81
164
100
129
124
88
53
123
11
150
178
65
147
83
25
88
3
13
160
7
94
136
77
36
25
142
57
160
143
18
113
104
141
109
157
146
2
78
113
158
164
55
9
69
145
62
151
163
118
85
64
44
126
106
106
56
135
59
114
80
57
41
11
130
53
12
79
15
39
17
133
119
98
118
162
75
132
126
177
178
54
62
52
178
107
15
158
90
40
99
132
23
40
90
62
67
148
95
44
98
77
165
95
144
16
178
99
157
170
159
40
138
84
76
21
28
67
107
163
10
41
150
105
146
12
104
173
55
147
110
72
3
178
60
112
167
74
44
10
67
49
30
59
131
86
86
151
110
102
79
77
12
136
126
10
112
129
145
132
59
136
149
49
53
38
98
105
19
105
104
83
51
155
79
25
24
76
66
17
5
155
52
168
155
28
115
95
46
7
133
35
15
95
150
59
52
100
8
5
87
4
34
99
27
106
140
73
106
168
118
49
172
109
26
126
42
46
146
40
74
166
86
141
47
119
0
82
3
16
2
120
170
35
82
80
86
23
93
5
49
116
40
119
9
83
6
101
140
26
11
112
58
143
106
87
4
150
76
55
11
27
65
38
16
86
2
96
70
21
15
94
6
153
150
126
83
49
69
91
175
120
132
77
163
2
43
136
100
111
41
144
145
78
125
88
136
83
29
24
18
105
24
149
61
119
153
138
107
82
69
80
5
121
138
6
120
39
92
57
79
62
129
95
41
122
93
136
97
122
131
146
155
62
150
6
7
113
70
68
131
37
55
153
154
154
169
90
76
44
58
116
39
134
105
151
80
176
136
127
177
65
108
75
28
74
50
24
4
14
45
91
121
128
7
96
137
157
19
110
77
126
8
136
34
54
134
125
23
2
17
78
64
79
102
160
116
114
47
178
5
41
62
19
139
149
1
73
37
41
54
79
66
156
83
56
168
153
141
60
105
129
159
150
111
87
136
164
50
25
104
109
75
5
68
88
160
164
87
162
39
93
141
34
144
176
23
97
22
176
118
60
97
158
127
3
136
32
176
159
42
24
177
3
4
103
144
38
148
108
37
130
110
174
163
11
108
66
119
124
102
113
106
82
17
101
62
136
142
18
100
29
67
18
145
70
107
171
163
117
67
95
140
83
153
109
51
149
101
100
38
135
3
83
5
111
121
173
30
143
154
84
149
121
1
142
122
124
5
47
114
133
161
64
106
34
81
149
129
178
67
133
21
93
94
158
58
113
158
114
96
60
65
21
14
174
102
131
164
105
103
126
74
152
110
144
16
29
165
76
174
49
167
141
178
131
26
70
77
174
95
56
173
171
20
93
34
17
18
130
80
59
65
135
162
37
126
22
113
87
100
101
91
129
23
34
41
28
179
72
153
161
169
99
112
158
166
65
42
37
82
165
102
141
123
15
111
91
174
60
2
145
150
51
161
89
20
95
128
25
44
40
121
75
9
132
116
3
93
149
111
154
131
116
151
127
61
157
110
72
61
138
155
175
124
121
39
136
117
4
151
111
139
94
131
97
158
149
16
40
123
149
141
79
171
112
118
131
172
147
121
131
165
72
55
43
157
36
11
31
81
74
20
66
125
165
15
44
56
117
19
114
9
87
135
14
107
19
97
56
110
81
119
137
44
94
84
67
156
158
159
86
129
20
142
48
65
170
145
165
119
137
61
136
127
129
166
51
156
11
27
93
118
90
158
167
145
82
58
119
58
37
142
163
73
103
176
151
109
18
29
81
9
109
165
1
4
32
84
43
64
82
90
22
28
106
92
146
45
79
96
67
161
109
120
110
73
178
133
34
22
30
46
65
104
72
137
102
37
80
97
164
77
44
122
164
117
123
100
4
113
148
97
113
100
158
151
163
109
78
52
75
161
89
129
169
178
95
150
173
36
47
154
147
158
138
14
46
48
152
160
171
52
90
128
91
131
82
152
24
20
176
121
172
72
107
69
86
21
156
28
71
138
23
60
57
12
66
38
106
128
95
35
106
170
8
126
30
105
123
135
29
98
49
38
61
156
167
70
94
50
54
50
114
163
147
40
14
85
175
118
153
7
80
85
50
130
67
96
15
82
120
142
113
2
169
31
66
156
119
61
135
23
175
146
99
65
83
75
82
95
143
44
34
13
138
138
27
108
102
68
106
178
127
40
96
140
51
42
144
48
132
82
86
133
78
126
9
116
5
65
1
90
7
70
7
160
50
169
149
170
75
128
159
111
111
157
18
4
139
138
0
167
120
22
142
52
7
11
44
53
157
137
84
159
147
4
72
19
81
85
55
109
107
26
86
171
117
3
36
25
35
178
138
131
88
176
46
124
121
135
144
58
45
177
27
150
50
174
37
38
11
111
81
120
150
128
81
72
162
40
85
25
124
86
29
76
154
102
50
175
98
88
69
150
33
42
149
66
70
145
49
142
113
128
165
73
131
72
99
129
175
80
66
13
16
57
39
38
84
131
23
70
146
158
98
145
102
13
164
26
45
116
161
131
69
27
128
125
24
43
37
128
100
7
58
131
51
19
4
150
55
131
2
139
4
89
173
124
97
83
83
23
84
12
65
163
122
151
135
106
154
110
130
119
49
169
137
17
28
49
99
89
174
102
139
66
168
50
23
131
99
75
139
22
156
42
33
70
78
78
166
117
107
89
136
84
176
152
8
140
58
115
104
2
67
100
102
85
161
139
6
55
45
32
31
74
106
124
114
31
40
31
17
101
129
39
51
55
173
52
85
172
68
31
50
41
16
129
155
109
138
103
2
119
12
164
105
114
83
20
72
112
82
151
103
159
98
176
111
92
80
149
172
150
90
34
134
29
144
106
169
125
173
179
1
49
0
58
152
163
23
155
131
131
112
42
174
26
21
133
91
132
112
20
72
53
122
172
17
47
52
34
175
80
20
22
54
62
94
31
48
37
119
55
40
51
66
123
56
95
42
167
65
57
45
27
72
6
80
17
83
72
170
128
76
37
22
33
175
10
88
93
122
4
3
128
132
170
74
131
174
8
35
87
152
4
146
91
136
175
22
25
124
12
52
105
148
42
67
63
148
146
30
8
23
73
133
51
128
35
47
20
30
163
15
90
113
112
58
64
44
130
137
157
122
75
20
108
18
104
150
91
103
135
96
33
28
95
26
149
57
170
36
106
18
111
100
169
154
5
28
118
126
114
8
136
51
151
142
133
71
39
84
142
177
48
123
121
53
121
127
54
12
13
7
86
96
142
57
25
103
172
68
95
37
146
94
164
178
156
57
102
16
169
178
58
133
108
67
101
161
38
25
9
143
152
51
37
154
141
84
49
2
137
170
46
154
3
146
116
178
9
20
73
63
93
145
26
97
97
2
107
128
126
161
14
175
89
115
110
30
80
11
81
86
148
115
78
70
161
38
113
128
44
168
46
141
133
60
50
5
10
116
172
26
77
1
77
99
166
3
162
153
150
179
68
166
145
52
146
137
169
107
127
112
176
92
108
143
154
33
140
84
129
120
42
21
12
29
3
7
114
50
155
147
173
7
85
63
40
117
164
140
154
112
141
103
122
141
20
17
56
14
133
42
10
137
123
30
10
25
55
137
9
151
161
27
159
105
150
40
76
173
177
77
42
52
146
6
80
50
137
164
87
164
50
148
153
124
89
76
173
100
64
123
60
103
104
97
86
95
59
146
94
131
53
67
136
164
117
43
145
145
0
40
48
153
162
12
78
89
165
157
154
108
92
124
166
64
45
36
18
93
73
1
168
128
22
168
150
38
170
72
119
73
11
160
134
104
14
168
7
136
39
163
16
129
32
27
100
14
41
124
51
96
49
91
138
10
95
71
73
115
107
124
164
39
38
166
65
48
176
120
10
115
169
92
93
75
92
177
118
110
43
86
56
146
73
4
49
96
53
128
153
131
25
95
81
143
56
48
93
36
5
124
101
169
156
23
139
133
52
8
156
124
46
147
97
93
61
93
81
161
100
92
16
111
153
47
164
31
76
53
131
58
167
72
48
10
37
144
110
79
64
63
84
82
78
10
5
155
152
147
72
155
87
158
27
148
117
57
167
19
8
106
136
39
103
36
141
8
60
86
77
24
106
108
146
89
32
16
96
162
138
163
115
117
90
82
170
133
92
76
126
4
117
69
160
162
20
30
84
88
105
31
53
83
101
69
54
122
23
138
4
37
165
164
144
150
121
9
69
167
107
111
96
18
36
161
121
115
63
11
82
105
88
142
52
145
42
149
46
64
20
90
146
100
128
10
22
22
105
107
147
3
132
132
106
41
104
82
61
114
83
160
5
137
32
71
176
111
145
77
52
63
123
87
89
84
173
103
86
155
13
33
175
162
36
3
172
49
34
33
131
105
38
40
168
98
174
10
134
138
113
104
17
165
78
134
18
54
122
176
39
56
16
173
75
110
17
142
139
131
31
94
119
99
147
87
29
145
62
8
82
96
31
37
146
135
99
143
102
73
175
38
24
50
81
140
27
135
140
74
69
91
32
79
103
13
27
9
165
17
77
147
136
108
153
81
108
92
143
129
109
112
5
41
91
148
45
24
31
157
164
4
25
175
112
158
161
163
156
88
119
12
124
24
168
130
123
95
39
115
145
118
65
120
52
170
36
128
81
145
178
164
124
166
126
90
45
60
5
28
134
10
85
167
138
55
155
35
36
38
72
23
96
174
151
43
150
7
63
1
101
52
101
38
28
74
106
34
58
96
177
55
140
68
40
134
176
169
150
128
15
165
92
150
111
120
1
138
168
101
101
119
104
45
151
96
87
118
172
78
162
159
117
81
51
23
5
74
12
72
167
143
90
4
83
92
150
114
43
74
131
8
175
32
82
95
114
55
17
134
112
113
167
24
78
21
52
107
41
3
104
142
112
98
11
106
125
82
149
96
99
62
48
64
80
76
82
155
91
25
54
116
40
156
71
124
33
164
77
143
105
117
126
42
74
46
99
130
65
70
56
128
164
37
108
123
40
87
114
21
5
161
117
159
74
112
141
11
90
162
151
40
164
2
119
74
91
83
7
61
11
82
113
163
71
175
33
19
85
100
167
75
144
167
63
164
65
74
96
152
150
88
109
131
146
7
98
132
161
117
111
120
12
162
64
0
152
87
90
80
171
28
114
20
155
30
27
132
86
162
73
67
50
34
43
129
149
48
166
139
158
133
104
131
91
12
118
17
33
63
150
66
128
166
96
104
99
45
77
11
171
80
167
112
96
64
90
43
113
112
102
69
158
38
144
62
161
93
6
162
69
57
109
3
122
81
132
127
62
54
27
147
146
137
72
102
25
108
65
171
54
75
164
0
23
157
31
52
177
102
7
35
56
132
164
17
70
79
55
72
119
79
19
160
60
19
92
23
165
131
127
114
56
85
88
61
103
34
99
163
111
98
132
149
8
14
39
51
132
48
76
138
62
97
59
167
13
64
12
30
63
156
68
30
129
99
83
126
154
153
36
37
3
163
108
163
142
102
75
173
142
175
142
164
36
169
119
48
86
49
130
177
100
107
168
90
111
131
23
33
45
108
118
153
114
130
28
137
29
106
110
76
81
38
144
151
17
48
154
80
17
161
177
2
12
51
106
165
31
109
100
49
157
74
177
138
36
20
67
8
110
22
161
155
150
145
2
90
7
80
179
141
116
126
29
147
23
168
23
165
44
174
146
127
126
37
16
17
62
51
56
79
64
86
131
139
117
31
120
54
152
152
117
145
174
165
153
139
41
107
141
160
78
155
120
44
68
147
14
50
159
155
2
162
162
68
92
154
84
145
98
75
48
176
46
2
153
21
52
7
72
117
165
178
51
38
40
114
148
15
77
55
47
56
36
18
18
107
44
124
49
179
6
133
130
107
95
72
75
97
161
62
112
39
91
1
61
5
109
73
93
139
143
51
8
3
107
99
111
59
5
132
34
155
139
105
102
113
66
70
81
92
157
38
19
162
90
156
149
120
29
166
143
67
119
40
63
126
90
79
127
66
70
157
122
132
48
152
2
28
62
56
25
107
96
123
114
115
169
101
92
141
63
40
110
14
73
134
53
35
58
134
9
9
137
150
40
109
146
134
49
8
177
110
161
97
164
105
168
25
38
62
9
121
108
23
131
31
144
174
82
29
164
149
11
15
15
10
164
59
105
124
56
139
171
104
73
21
55
125
158
173
55
90
141
26
111
150
123
15
39
108
53
93
56
107
129
80
141
19
168
69
21
123
83
71
171
38
76
104
101
67
157
11
177
3
49
107
96
175
172
117
131
77
136
154
26
131
154
46
90
54
110
169
163
72
172
87
128
125
98
53
38
77
174
35
140
99
13
164
167
118
160
70
31
126
164
97
44
131
94
78
35
60
5
99
6
83
157
94
82
115
128
107
45
56
19
152
153
60
164
47
139
75
167
103
49
148
169
68
88
153
15
11
70
67
39
45
48
36
116
101
112
34
59
176
149
130
119
112
24
116
71
134
131
96
92
2
163
116
74
108
30
56
47
133
82
53
131
4
28
133
100
157
32
47
28
103
126
138
50
135
61
109
96
92
101
6
147
36
139
20
90
139
139
3
58
75
20
163
112
155
17
153
101
52
102
46
65
33
143
13
25
125
87
138
152
2
177
80
129
172
84
177
131
89
128
82
113
59
15
123
37
164
169
69
74
48
17
170
2
105
104
123
18
66
163
148
107
95
42
160
45
2
42
137
154
115
149
5
88
150
37
105
140
142
0
104
60
43
48
65
69
80
61
94
34
138
154
103
102
28
47
154
90
132
10
136
150
118
131
89
154
120
129
127
29
33
78
31
173
30
129
168
29
153
176
170
82
169
77
24
121
99
137
50
164
124
109
3
107
90
155
8
102
56
158
55
15
97
45
30
30
4
147
143
35
114
75
42
87
89
132
147
114
125
16
79
65
114
61
179
59
150
164
3
77
6
59
143
159
24
175
65
157
152
179
6
82
109
142
63
168
57
69
21
90
55
89
10
95
48
16
110
86
15
151
141
80
111
130
73
162
151
157
139
59
22
46
19
177
136
39
113
171
34
69
118
46
129
57
152
62
178
79
56
74
165
140
136
11
35
90
135
138
105
132
14
87
77
40
156
132
99
138
53
102
179
170
143
151
150
164
66
78
176
135
159
57
136
55
77
74
64
95
1
131
116
128
138
107
120
129
153
141
154
142
33
133
71
105
94
15
174
4
144
64
131
7
91
14
135
42
16
113
52
77
143
150
91
90
38
114
138
171
166
105
85
