77
64
53
27
86
79
160
32
163
70
142
17
105
17
160
125
26
63
100
170
70
78
120
34
8
19
116
84
125
77
148
164
109
13
87
161
20
81
80
75
130
41
41
102
30
85
0
18
90
26
134
77
83
23
168
77
104
110
106
27
19
133
176
145
115
144
17
27
18
172
130
41
170
69
85
146
46
23
76
99
10
22
99
57
123
3
62
128
116
156
101
74
126
22
25
159
67
141
68
108
57
151
110
111
107
70
33
92
2
72
22
111
109
55
83
69
83
121
66
72
78
140
53
159
28
40
179
54
167
66
43
88
70
28
58
62
86
120
10
170
97
84
97
31
14
58
29
120
78
96
117
165
116
153
83
110
158
126
179
91
121
52
66
109
86
167
133
63
5
101
66
31
144
35
16
17
160
173
136
134
124
29
156
131
154
116
34
134
46
43
119
170
26
27
7
79
36
151
26
161
46
23
143
53
96
106
47
106
133
54
62
4
79
92
66
177
165
154
5
154
71
34
11
27
93
116
3
90
131
116
65
30
47
144
166
144
34
169
163
135
61
16
27
110
152
102
160
72
63
30
129
116
113
36
123
74
79
101
65
112
113
16
1
5
90
142
97
66
168
32
67
51
106
55
41
23
141
132
37
28
83
91
121
173
104
23
124
170
45
70
154
65
105
97
128
18
110
162
5
59
107
81
75
170
17
30
55
53
158
171
132
29
66
129
105
87
109
9
19
79
164
86
115
92
78
23
76
117
100
117
85
142
56
44
122
12
45
121
108
136
155
164
31
36
46
104
152
74
137
119
155
12
121
149
155
5
4
45
45
137
134
28
101
138
113
20
151
33
49
163
52
141
53
23
76
48
136
14
68
172
85
73
146
168
82
131
112
173
79
15
154
20
149
104
48
105
146
14
84
39
40
153
146
110
170
70
52
119
2
18
2
94
92
123
101
109
66
47
34
91
133
121
153
89
56
136
20
49
3
82
82
167
103
160
159
2
47
131
44
9
153
160
26
4
133
18
69
132
79
75
151
159
176
90
141
91
154
134
114
43
140
159
74
52
168
144
106
58
150
128
126
111
74
103
77
115
163
20
22
77
9
136
1
117
176
175
2
15
175
140
131
24
174
82
171
85
103
20
93
113
23
105
57
112
137
42
91
86
174
12
15
129
144
107
31
124
20
128
21
35
137
74
109
138
70
112
79
69
174
49
18
70
154
85
21
48
159
71
33
81
30
86
157
102
170
142
54
163
133
122
34
174
93
173
120
176
148
42
170
82
65
50
52
157
14
105
66
98
155
90
92
41
62
151
44
147
163
53
54
49
67
98
33
86
103
29
143
84
82
74
52
56
25
63
104
48
163
136
116
133
4
52
161
34
175
41
134
134
81
28
131
170
96
115
75
28
81
143
111
7
146
98
97
135
66
56
24
112
39
131
46
21
69
14
27
47
3
106
8
178
100
59
101
133
121
118
179
152
48
0
93
33
148
121
117
151
127
123
24
96
40
127
90
58
107
51
93
1
137
83
143
167
63
92
137
26
17
18
14
123
105
165
121
107
57
54
109
19
59
69
15
150
47
138
163
75
53
103
59
55
61
82
37
149
45
168
78
57
123
29
10
44
69
143
30
119
139
103
61
149
70
7
6
17
46
75
50
131
42
122
32
134
74
37
88
3
160
81
165
93
100
179
154
99
149
62
136
136
4
128
9
126
46
142
155
110
136
95
21
8
76
29
143
65
2
52
134
83
74
106
104
34
177
52
4
4
149
157
119
158
86
47
27
18
83
37
11
101
146
5
73
39
69
10
112
83
45
160
98
154
154
131
79
111
52
100
58
177
30
132
152
154
79
87
171
14
89
70
122
122
145
92
75
120
26
126
133
29
90
148
17
81
83
159
132
136
153
103
10
166
13
177
163
68
36
155
146
151
18
61
14
29
78
60
10
113
137
115
127
58
50
106
40
92
87
9
141
30
49
38
151
66
141
168
56
159
96
43
140
66
72
11
3
156
24
117
20
82
67
24
126
42
83
72
50
127
115
86
42
48
131
23
25
175
48
116
144
32
154
122
69
150
43
145
132
43
61
56
72
96
166
73
105
171
32
136
97
129
135
136
67
74
1
52
34
89
161
119
135
1
135
158
12
76
109
97
21
91
123
26
37
103
124
87
114
170
140
78
60
75
103
166
13
24
142
153
20
28
33
48
111
150
90
114
101
47
48
33
143
164
121
4
72
44
58
58
44
34
129
98
16
76
128
21
160
70
111
55
90
89
142
177
166
101
55
164
3
38
105
148
1
156
88
124
169
24
71
64
87
49
43
2
38
8
126
65
50
161
90
15
120
126
8
147
121
115
160
137
148
147
16
53
7
147
171
80
64
157
18
29
82
107
74
76
125
105
125
90
132
82
121
42
177
61
66
33
138
68
128
100
15
166
55
41
98
80
128
143
100
28
13
12
124
150
135
29
20
12
5
71
171
147
84
103
108
29
35
131
79
18
139
133
85
65
103
130
20
59
22
168
11
133
89
30
75
122
99
127
17
118
78
48
162
150
95
160
134
41
170
151
45
83
150
86
48
90
70
80
132
138
157
37
141
10
82
146
141
71
10
63
60
18
119
48
178
175
67
38
158
45
87
118
14
141
48
118
164
156
36
164
104
10
52
65
81
52
35
115
42
49
78
50
170
49
112
118
92
176
38
146
161
174
153
44
140
110
20
72
142
127
155
122
112
124
140
137
127
170
87
36
117
164
152
70
170
129
104
90
67
159
47
85
43
70
83
31
122
90
132
171
179
166
157
114
119
41
60
44
54
63
137
40
6
44
54
134
17
111
36
12
111
24
121
28
149
93
61
127
101
31
95
5
120
123
150
131
105
147
103
123
56
76
126
94
174
154
124
94
65
113
102
43
176
132
112
84
32
15
111
173
159
55
32
130
105
118
150
121
91
24
43
120
143
162
115
109
141
51
47
26
152
61
96
163
14
168
59
8
102
67
176
36
153
114
103
147
126
55
70
17
168
177
36
120
169
153
24
8
157
162
47
55
14
46
126
156
151
177
162
90
78
152
98
179
105
173
132
153
117
40
113
79
10
24
120
16
53
91
65
77
87
39
80
68
115
60
81
80
33
21
77
54
60
157
162
122
36
43
7
122
46
41
5
21
94
113
148
42
71
113
133
122
88
142
26
96
86
174
62
98
157
73
0
47
64
52
59
47
53
174
153
23
103
88
127
74
67
114
145
135
138
168
151
127
78
161
122
102
143
76
13
172
102
35
99
70
102
5
1
117
119
174
124
127
63
69
68
14
148
105
171
123
14
75
82
131
90
110
13
163
35
176
55
82
156
133
136
13
13
131
28
87
32
43
4
85
70
14
40
65
154
167
171
35
14
89
57
40
32
3
114
122
94
134
45
91
91
91
168
96
14
158
67
125
160
98
31
50
100
50
77
103
110
0
163
137
65
72
100
13
13
49
98
69
49
75
129
130
169
44
101
6
127
36
115
111
170
8
56
0
82
103
169
12
179
25
111
94
96
62
99
163
175
29
163
173
131
29
93
52
77
46
170
100
46
169
93
106
163
50
59
99
97
135
70
53
57
173
97
13
137
108
118
146
45
13
57
150
22
66
97
25
6
42
173
171
116
112
175
140
176
96
70
144
167
158
32
98
109
111
36
53
112
177
42
132
175
5
23
12
60
163
82
58
144
161
135
85
136
52
61
67
56
17
9
39
122
74
174
25
36
66
50
111
124
29
65
154
20
99
66
99
44
78
153
168
24
43
98
60
130
54
94
152
80
144
10
56
143
29
88
130
42
163
58
36
113
51
143
128
137
75
32
57
97
70
138
95
66
46
104
98
129
63
17
114
45
54
113
74
178
100
31
155
84
177
170
165
126
153
67
116
13
19
94
136
7
114
51
105
6
103
89
142
152
79
95
21
92
19
38
159
51
112
158
16
160
0
13
163
5
158
30
81
4
47
126
65
28
99
165
72
98
10
59
50
77
115
13
22
76
169
22
64
137
23
177
156
70
156
107
56
86
41
83
133
166
177
126
155
139
56
84
104
5
172
16
54
73
125
58
47
124
146
39
56
132
72
131
175
151
8
54
144
138
155
131
87
150
55
113
37
147
73
61
42
73
172
110
172
138
102
107
113
69
37
36
4
117
67
86
110
161
133
119
162
20
127
142
145
59
97
23
73
64
55
125
5
86
38
52
179
61
85
149
166
13
149
156
71
78
149
155
123
100
174
30
69
4
19
125
25
66
131
36
0
52
44
54
153
156
32
82
24
142
65
160
92
133
45
27
13
36
67
51
128
2
166
93
73
68
144
130
97
131
23
11
144
85
151
168
21
59
39
166
146
128
163
27
161
59
73
138
129
114
10
104
106
138
8
120
43
22
29
97
173
93
49
131
117
136
140
56
73
127
36
132
88
150
2
101
118
22
92
167
92
84
165
5
67
73
90
65
69
162
157
89
151
79
95
113
82
104
141
35
72
93
20
134
14
6
15
117
56
133
13
178
10
170
153
138
36
81
136
97
51
109
145
75
146
153
67
161
50
61
133
6
88
41
162
72
132
81
17
34
22
178
101
141
54
135
128
66
44
90
121
67
2
30
17
51
117
27
131
49
115
157
78
107
47
101
23
160
156
128
82
65
68
150
46
176
118
93
34
150
61
133
20
150
116
97
113
156
71
16
49
69
135
53
41
169
39
51
104
22
103
54
143
36
65
165
8
48
87
16
98
177
11
25
148
30
129
83
126
57
4
20
19
77
134
65
128
73
168
25
10
80
156
54
58
42
10
132
16
25
62
80
64
80
126
144
74
175
2
52
84
69
40
24
71
177
8
48
154
63
66
62
143
132
166
58
125
103
151
69
92
88
146
42
108
39
62
70
20
163
62
96
141
27
80
22
166
101
132
116
20
17
18
75
53
44
52
158
107
173
60
68
116
161
57
34
114
49
84
179
17
38
67
84
51
54
85
105
12
25
134
15
101
27
156
49
94
115
99
137
6
68
27
141
156
37
104
69
60
33
0
154
143
162
47
148
174
74
76
83
100
94
56
87
76
23
129
101
165
40
104
150
100
151
16
38
12
53
174
44
34
120
114
39
55
51
134
85
23
38
7
95
93
128
19
74
52
105
109
90
148
57
25
70
37
143
35
57
106
112
25
104
121
117
69
141
58
18
168
40
124
160
25
13
35
69
173
125
107
166
115
76
8
69
43
14
41
89
115
46
14
9
123
149
154
107
45
7
45
169
45
115
173
4
73
75
90
53
101
132
17
115
23
154
132
157
146
114
130
96
72
109
7
146
168
171
116
32
28
22
121
54
174
109
6
44
135
161
76
83
121
39
172
18
141
90
82
155
150
168
6
172
37
80
49
18
119
48
106
165
134
104
143
17
148
132
134
83
72
157
82
165
75
26
6
26
118
101
126
115
67
26
131
110
87
89
6
84
170
174
94
79
50
18
72
72
152
29
2
111
15
70
133
152
72
17
2
149
91
178
88
138
58
46
50
147
132
112
169
26
65
178
107
84
161
78
6
86
162
11
91
151
106
98
159
108
140
174
156
54
137
65
127
73
173
167
108
166
108
78
47
162
85
38
92
105
167
82
167
52
61
169
1
12
89
95
77
114
54
22
70
114
38
54
177
69
86
94
27
147
0
111
34
110
28
157
93
75
16
179
172
136
48
148
69
35
65
120
131
105
105
49
175
138
127
128
21
165
165
75
78
134
125
24
82
132
75
78
60
102
137
107
121
29
11
35
11
72
169
159
7
53
50
169
142
70
24
19
28
9
152
56
144
25
66
57
6
75
31
101
21
95
100
141
155
133
104
68
148
83
63
69
13
123
113
81
89
116
52
104
158
111
16
49
157
28
47
61
20
74
127
174
118
3
56
176
68
108
135
4
163
95
63
127
8
175
40
61
134
137
73
35
146
178
68
50
32
136
175
36
160
85
1
153
179
67
163
82
146
21
21
95
161
73
103
45
54
61
154
132
15
174
72
146
75
170
172
12
168
140
11
58
130
151
121
150
5
129
109
138
105
144
123
151
29
35
54
27
25
131
96
12
70
74
129
122
170
175
16
29
6
156
144
39
140
54
76
32
32
115
144
119
162
9
110
106
170
127
76
62
127
136
21
45
174
112
37
70
5
91
105
28
55
123
154
45
146
38
0
38
113
37
132
130
46
134
167
14
124
66
113
52
94
156
122
111
83
101
138
96
147
19
6
82
133
155
124
92
31
0
26
66
80
67
85
135
167
40
102
164
129
3
157
37
55
12
152
62
124
174
140
98
70
134
166
138
155
21
88
161
49
22
65
135
59
19
27
177
90
81
131
122
154
52
45
125
43
36
50
83
27
166
33
132
46
145
21
144
37
27
125
144
77
74
118
23
0
77
144
162
44
120
138
28
42
1
114
26
75
43
148
113
100
52
124
37
119
6
94
27
128
113
84
56
53
122
4
172
96
57
96
125
30
84
67
80
126
3
145
86
68
172
140
45
126
94
155
110
138
52
90
12
92
8
38
171
153
131
27
97
108
120
55
175
54
122
67
10
15
108
148
139
62
138
139
11
28
179
86
56
140
113
151
112
149
46
78
63
108
143
93
5
154
171
17
56
95
156
28
151
138
45
56
31
171
163
104
151
147
156
97
21
25
21
51
74
165
106
26
123
43
71
78
52
102
6
136
42
8
108
90
85
28
23
137
108
94
67
34
59
130
4
151
178
147
170
148
121
169
57
15
126
146
95
73
141
120
163
10
38
108
104
2
170
56
80
68
139
25
162
68
142
60
136
167
36
95
106
69
69
84
147
138
53
37
34
52
148
121
75
43
88
79
124
64
98
140
120
93
78
141
109
37
107
73
148
77
128
76
64
16
162
126
137
148
99
9
43
82
24
23
93
111
159
109
71
112
77
45
176
127
178
13
34
70
68
149
178
142
51
52
16
140
7
124
9
154
90
132
125
85
1
61
16
41
7
81
152
63
76
19
146
133
157
148
24
37
42
63
126
29
80
26
79
83
22
167
81
6
151
108
144
135
72
55
96
121
7
2
29
118
158
50
88
52
105
53
51
12
53
153
127
88
97
87
51
137
154
114
72
111
168
62
45
132
172
117
116
11
173
85
38
159
19
39
144
131
0
97
116
158
49
18
75
116
118
76
142
41
117
55
113
85
121
7
17
41
31
113
84
169
8
21
84
173
124
58
28
11
40
168
67
29
73
135
159
138
59
105
56
115
147
109
71
66
102
100
61
46
27
51
56
32
62
49
42
142
39
68
41
106
22
69
144
43
32
72
148
66
9
69
164
170
54
153
162
125
12
130
120
42
32
154
43
54
9
54
135
115
116
139
159
18
114
98
49
178
20
141
88
116
122
86
145
7
134
145
99
129
157
164
3
0
15
129
134
87
19
52
10
47
155
140
163
39
140
168
103
125
53
82
57
25
130
92
130
173
77
96
141
136
83
152
138
54
133
93
93
138
129
82
36
49
102
64
5
12
162
178
151
14
3
5
48
162
12
1
103
6
105
4
98
57
4
112
29
77
138
153
43
11
53
42
144
172
89
116
67
82
67
46
96
40
126
139
124
5
125
71
100
175
94
16
133
112
131
179
170
117
152
62
148
86
57
36
124
171
62
28
160
3
106
97
129
133
152
99
113
96
115
41
23
147
140
111
45
156
11
128
20
23
131
131
144
104
141
117
170
39
56
72
166
90
62
81
123
177
120
26
96
134
150
67
112
78
75
118
159
169
44
121
139
97
163
163
176
109
79
41
0
125
65
2
82
33
94
174
74
154
159
158
165
24
173
49
72
103
110
14
72
77
138
118
131
133
154
89
76
129
114
129
110
43
42
177
48
127
119
80
83
28
109
141
25
4
50
115
74
74
56
127
165
3
31
120
172
173
80
122
75
161
83
63
109
119
99
101
30
47
124
90
113
162
44
86
10
115
144
90
48
68
141
134
18
46
147
164
43
110
125
95
86
117
158
26
103
165
91
146
119
139
130
27
19
7
103
51
154
7
131
105
139
115
38
107
38
152
84
58
174
18
115
3
20
156
97
11
130
62
101
21
31
24
160
70
54
135
147
37
121
155
78
84
56
123
44
146
99
86
165
89
131
116
33
12
25
130
145
140
116
102
138
138
154
28
69
148
40
120
16
75
154
70
3
144
86
135
33
177
66
30
138
78
81
67
110
106
152
110
98
121
75
111
53
50
127
157
113
92
30
149
58
61
134
100
97
75
147
12
156
93
179
95
109
85
177
51
77
1
31
99
128
41
11
33
118
32
120
169
138
14
49
161
142
49
29
7
39
91
140
177
23
86
11
65
146
66
44
71
160
167
11
126
178
7
121
139
35
27
167
176
31
164
9
85
48
74
113
43
129
59
14
159
113
135
95
135
124
8
66
153
150
83
76
171
17
128
108
120
136
45
90
72
26
58
1
8
111
42
134
164
103
74
167
78
56
122
57
74
88
157
125
115
101
57
76
154
146
27
35
137
3
100
138
83
110
56
121
81
67
12
103
111
64
72
43
101
89
76
58
17
30
45
57
157
54
125
170
42
153
45
154
80
126
20
130
121
130
43
119
151
61
37
46
109
161
163
175
141
125
13
111
23
68
118
6
62
154
155
137
165
16
28
173
56
15
82
31
100
91
50
120
104
141
177
63
1
145
94
164
36
82
76
140
26
22
126
22
79
39
46
97
42
175
41
113
125
64
30
38
122
114
151
35
103
102
44
18
46
19
127
55
87
129
58
139
100
107
16
134
127
44
7
63
41
137
160
53
174
61
140
114
119
45
163
20
96
137
118
176
146
22
27
58
80
113
138
83
32
8
175
158
17
138
26
2
34
88
149
14
75
64
45
106
154
168
71
57
28
115
136
30
37
62
179
91
121
39
13
79
87
118
48
63
148
149
87
58
93
105
26
22
162
86
10
105
127
39
155
70
70
12
113
136
115
151
142
67
6
103
62
22
168
178
163
83
117
113
114
143
50
128
87
169
59
7
82
169
61
91
30
73
150
57
120
9
5
175
116
143
67
71
53
149
46
175
65
4
41
21
141
87
34
69
143
40
11
102
59
91
69
84
162
68
35
118
111
169
138
99
19
65
124
64
8
21
111
0
22
44
35
169
150
150
64
109
122
168
147
135
139
44
10
158
58
152
120
47
163
5
123
66
82
68
12
22
51
147
101
86
149
146
59
72
145
0
159
128
10
91
10
82
176
28
112
110
26
80
108
178
74
72
128
27
4
146
48
63
59
44
35
106
98
158
6
56
44
64
58
172
29
3
117
12
125
76
146
50
174
21
176
109
55
16
12
68
39
148
85
159
47
159
55
69
123
73
124
145
93
36
32
38
44
179
28
159
95
35
31
168
58
143
21
41
51
143
124
157
67
128
32
101
127
65
157
136
98
45
103
124
154
155
79
28
106
91
167
137
143
59
97
123
30
120
9
65
160
48
173
67
116
166
173
139
154
141
21
159
73
156
103
164
46
150
135
8
79
109
134
32
141
19
155
141
58
86
53
94
6
137
67
80
107
15
122
109
42
109
134
1
135
130
115
23
18
33
72
154
19
89
5
125
32
33
106
132
44
163
36
114
109
133
70
165
0
131
62
143
154
16
83
133
176
131
64
149
131
139
67
116
162
165
57
144
62
178
27
114
1
76
111
164
5
115
112
22
82
159
103
128
104
120
36
8
69
178
160
9
159
178
9
3
74
100
126
19
155
103
51
30
175
100
176
78
152
116
178
66
171
152
130
40
56
8
141
103
103
103
46
53
112
144
144
172
46
67
68
3
136
52
27
56
45
77
179
125
147
74
163
79
85
158
98
16
136
161
150
9
98
138
157
37
64
112
97
7
98
131
140
101
139
85
61
155
62
176
165
62
113
40
38
36
65
73
69
86
139
54
153
72
113
69
58
30
142
108
84
98
57
131
127
133
133
110
25
82
61
87
149
142
32
144
103
50
53
142
140
108
27
34
14
84
166
128
157
36
32
87
138
125
150
148
53
93
130
66
151
129
145
82
35
76
44
32
80
176
96
11
132
69
104
5
139
59
43
115
84
170
152
87
113
12
50
124
104
13
34
141
170
133
49
144
149
138
149
174
78
30
15
113
114
88
114
39
93
149
177
85
129
134
167
87
0
94
76
112
2
88
8
42
26
153
76
53
96
144
42
11
76
112
150
66
63
66
97
72
32
102
28
15
94
102
124
157
170
19
157
93
114
2
99
162
121
82
114
133
125
129
31
126
0
161
149
141
121
11
94
126
122
18
50
22
48
62
12
49
15
15
63
174
139
129
32
151
118
144
176
46
31
91
107
145
102
41
65
16
173
38
78
173
147
44
32
145
128
98
129
160
92
100
122
84
26
16
132
98
119
62
148
159
34
107
15
34
63
34
31
36
100
27
161
1
4
38
125
108
117
147
6
13
12
151
139
86
15
50
165
130
121
146
118
36
157
153
33
150
90
177
160
30
24
110
11
94
44
28
165
132
127
48
0
46
24
19
133
6
26
148
92
38
88
106
159
176
72
47
38
134
163
65
138
83
93
149
5
74
159
158
83
54
11
41
54
117
104
122
170
138
139
15
116
123
108
17
25
48
19
162
10
159
175
47
74
93
31
148
125
113
3
18
169
37
49
42
64
176
87
62
115
60
6
55
48
41
165
25
80
139
118
39
0
108
96
120
136
122
129
60
127
129
138
109
157
106
168
91
129
144
108
8
133
165
18
152
124
44
73
21
111
166
15
176
133
147
124
67
129
129
72
146
145
33
121
64
122
38
22
84
101
82
168
69
7
119
111
170
8
85
13
112
151
92
91
32
31
156
25
26
100
132
46
131
157
97
108
6
52
90
165
17
129
96
162
150
4
40
157
138
179
134
146
10
45
78
84
98
79
46
106
142
119
120
90
122
16
73
170
175
35
27
160
37
163
109
71
14
17
152
100
0
175
144
137
130
25
148
89
144
119
66
41
115
108
105
169
73
14
19
163
30
71
54
147
31
161
68
64
153
43
93
30
75
20
142
7
119
15
40
81
22
21
70
107
138
108
64
53
51
140
74
158
27
38
129
133
5
40
164
41
119
173
118
84
114
123
104
24
98
57
39
73
153
1
78
116
81
35
174
131
127
4
121
34
36
82
116
65
74
35
3
120
65
44
80
26
141
130
8
99
96
94
58
133
101
169
141
172
56
40
95
54
166
20
2
97
153
40
96
93
33
96
23
165
172
110
162
61
80
145
0
112
91
53
16
123
81
107
20
50
88
26
116
24
59
7
94
49
71
113
12
50
32
102
51
7
80
164
48
65
172
46
151
51
127
167
9
45
4
73
159
92
98
54
95
56
83
120
123
163
149
22
170
52
55
128
95
113
98
43
143
93
41
116
177
18
136
103
144
178
123
4
148
121
18
79
140
54
117
73
18
171
41
162
75
150
60
26
67
16
39
81
29
105
155
82
125
138
162
158
174
112
8
110
87
133
98
159
61
78
153
50
22
25
113
162
145
23
29
111
106
131
174
46
20
163
146
131
146
86
158
150
68
123
146
20
73
133
143
70
117
133
129
52
152
44
136
134
58
103
53
16
116
115
92
132
33
86
107
4
59
47
125
83
7
117
171
143
20
167
41
87
29
149
107
62
132
106
107
144
112
13
27
11
29
12
102
108
156
72
124
153
118
126
94
21
18
175
40
129
9
96
61
13
175
5
115
57
167
143
134
57
118
115
19
173
20
120
126
169
95
143
173
5
64
64
40
63
112
102
133
16
118
16
84
81
135
44
137
67
143
169
147
160
113
72
143
115
59
12
51
127
100
128
64
156
46
75
106
116
48
138
35
51
122
138
152
120
80
35
47
129
139
60
117
30
82
62
67
119
142
120
53
128
97
51
91
10
120
18
106
71
73
107
36
169
49
4
15
150
141
148
35
176
41
15
96
148
84
105
155
144
159
171
81
140
62
158
37
153
148
83
127
34
138
177
121
136
100
40
49
44
51
167
155
34
10
122
166
122
177
71
111
179
129
28
80
144
40
164
122
48
34
109
160
81
54
115
92
151
41
111
119
7
71
106
88
123
103
1
54
51
80
171
58
38
63
156
142
38
19
34
7
120
10
118
103
121
148
78
176
46
73
153
101
150
45
79
89
115
165
154
141
100
40
155
132
146
36
106
21
57
6
19
52
98
82
121
82
25
96
129
70
147
137
85
104
171
124
114
131
46
54
163
48
36
68
154
169
53
126
67
135
94
130
58
90
93
106
104
39
123
112
94
3
43
94
133
97
125
90
47
130
39
76
129
72
117
76
144
9
136
160
145
75
162
6
53
144
158
5
123
174
133
31
150
101
163
171
65
122
161
27
174
11
94
106
131
85
45
118
112
140
52
172
54
66
112
134
160
102
81
112
166
55
27
28
30
3
38
51
147
127
15
165
39
3
77
69
19
104
21
74
64
25
122
135
44
142
150
150
134
96
119
163
163
44
161
106
46
6
40
61
54
168
80
132
44
64
101
94
122
84
171
109
89
57
30
179
87
79
72
116
80
145
88
45
173
36
5
163
100
11
29
19
86
73
176
120
173
161
23
85
51
96
62
107
47
6
18
109
25
98
30
58
25
9
65
25
32
1
72
77
16
136
152
136
39
141
152
151
55
81
5
129
113
111
106
100
72
45
16
108
119
143
147
96
94
150
83
42
44
122
168
146
76
91
96
122
20
144
169
123
117
30
160
174
142
175
110
30
73
134
148
78
145
149
13
32
166
86
15
64
165
66
83
140
95
41
160
46
26
121
105
41
28
72
173
146
95
79
115
47
160
132
0
173
37
103
18
50
97
69
63
89
8
38
134
104
145
150
17
144
145
127
137
80
33
121
121
148
137
23
132
90
33
34
95
33
156
2
27
85
72
27
80
133
132
106
107
81
75
64
104
51
173
139
127
137
16
52
49
44
60
105
81
156
49
126
29
55
126
126
130
86
41
92
30
64
24
123
94
48
3
173
18
104
90
112
108
111
64
123
156
20
132
5
154
22
18
125
73
59
122
97
16
167
173
31
129
16
161
165
94
166
55
37
161
75
179
49
157
157
13
74
80
164
100
129
124
87
52
123
11
150
178
64
147
82
25
87
3
13
159
7
94
136
76
36
25
142
56
160
143
18
113
104
141
109
157
146
2
77
113
157
163
55
9
69
145
61
151
163
118
84
63
44
126
106
106
55
135
58
114
80
56
41
11
129
52
12
78
15
39
17
133
119
97
117
162
74
132
125
178
179
53
61
51
179
107
15
157
89
40
98
132
23
41
89
61
66
147
94
44
98
76
165
94
144
16
178
99
157
170
159
40
138
84
75
21
28
67
107
162
10
41
150
105
146
12
104
173
55
147
110
71
3
178
59
112
167
73
44
10
66
48
30
58
131
85
85
150
110
102
79
76
12
136
126
10
112
129
145
132
58
136
148
48
52
38
97
105
19
105
104
83
50
155
78
25
24
75
65
17
5
155
51
168
155
28
115
95
46
7
133
35
15
94
150
58
52
99
8
5
87
4
34
99
27
106
140
72
106
168
117
48
172
109
26
126
42
45
146
40
73
166
85
141
46
119
0
82
3
16
2
120
170
35
82
79
85
23
93
5
48
116
40
119
9
82
6
100
140
26
11
112
57
143
106
86
4
150
75
54
11
27
65
38
16
85
2
96
69
21
15
94
6
153
150
125
82
49
68
90
175
119
132
76
163
2
43
136
99
111
41
144
145
77
125
88
135
83
29
24
18
105
24
149
60
119
152
138
107
81
69
79
5
121
138
6
119
39
91
56
78
62
129
95
41
122
93
136
97
122
131
146
155
61
149
6
7
113
70
67
131
37
54
153
154
154
169
90
75
43
57
116
40
134
105
151
79
177
136
127
178
65
108
75
28
73
50
24
4
14
45
90
121
127
7
96
137
157
19
110
76
126
9
136
34
53
134
125
23
2
17
77
63
78
102
160
116
113
47
178
5
41
61
19
139
149
1
73
37
41
54
79
65
156
83
55
168
152
140
59
104
129
159
150
111
86
136
164
49
25
103
108
75
5
67
87
159
163
86
162
39
93
141
34
144
176
23
97
22
176
118
59
97
157
127
3
136
32
176
159
42
24
177
3
4
103
143
38
148
108
37
130
109
174
163
11
108
65
118
124
102
113
106
82
17
101
62
136
142
18
99
29
66
18
145
69
107
171
163
116
66
95
140
82
153
109
51
149
100
100
38
135
3
82
5
111
121
173
30
142
154
83
149
121
1
142
121
123
5
46
114
133
160
63
105
34
80
149
129
178
66
133
21
93
94
158
57
113
158
114
96
59
64
21
14
174
102
130
163
105
103
126
74
151
110
144
16
29
165
75
174
48
167
140
178
131
26
70
76
174
95
55
173
171
20
93
34
17
18
130
79
59
65
135
161
37
126
22
113
86
99
100
91
129
23
34
41
28
179
71
152
160
169
99
112
158
166
64
42
37
82
166
101
141
123
15
111
90
175
59
2
144
149
50
161
88
20
94
128
26
44
40
121
74
9
132
116
3
93
149
111
154
131
116
150
127
59
156
110
72
60
138
155
175
124
121
39
136
117
4
151
111
139
93
131
97
158
149
16
40
123
149
141
78
171
113
118
131
173
147
121
130
166
72
55
43
156
37
11
31
81
74
20
65
125
164
15
43
56
117
19
114
9
86
135
14
107
19
97
56
110
80
119
137
44
94
83
66
155
158
158
85
129
20
142
47
65
170
144
165
119
137
60
136
127
129
166
51
155
11
27
93
117
89
158
167
144
82
57
119
57
37
142
163
72
103
176
151
108
18
29
80
9
109
165
1
4
32
83
43
63
81
90
22
28
106
91
146
44
78
95
66
161
108
119
110
72
178
133
34
22
30
45
65
104
71
137
102
38
79
97
164
76
44
122
164
117
123
100
4
113
147
97
113
100
158
151
163
108
78
51
74
161
89
129
169
178
95
150
173
37
47
154
146
158
137
14
46
47
152
160
171
51
89
128
90
131
81
152
24
20
176
121
172
72
107
69
85
21
156
28
70
138
23
59
56
12
65
38
106
128
95
35
106
171
8
126
30
105
123
134
29
97
48
38
60
156
167
69
94
49
53
49
114
163
147
40
14
85
176
118
153
8
80
85
50
130
67
96
15
82
120
141
113
2
169
31
66
156
119
60
135
23
175
145
99
65
83
74
82
95
143
44
34
13
138
138
27
108
102
68
106
178
127
40
95
139
50
42
143
47
132
81
85
133
77
126
9
116
5
64
1
90
7
69
7
160
49
170
149
170
74
128
158
111
111
157
18
4
138
137
0
167
119
22
142
51
7
11
44
53
157
136
83
158
147
4
71
19
80
84
54
109
107
26
85
171
117
3
36
25
35
178
138
131
87
176
45
123
121
134
143
57
45
177
27
150
49
175
37
38
11
111
81
120
150
127
80
71
162
40
85
25
124
85
29
75
154
102
49
175
97
87
69
150
33
43
149
66
70
144
49
142
113
128
165
73
131
72
99
129
175
80
65
13
16
57
39
38
83
131
23
70
145
158
98
145
101
13
164
26
45
116
161
131
68
27
127
125
24
43
37
128
99
7
57
130
50
19
4
150
54
130
2
139
4
88
173
123
97
82
82
23
83
12
65
162
122
151
135
106
154
110
130
119
48
169
137
17
28
48
99
88
174
102
139
65
169
49
23
130
98
74
138
22
155
41
33
69
77
77
166
117
107
88
135
83
176
151
8
139
58
115
104
2
66
100
102
84
161
139
6
54
45
32
31
73
106
124
114
31
41
31
17
101
129
39
50
54
173
52
84
172
67
31
50
41
16
129
154
108
138
103
2
119
12
164
105
114
83
20
71
113
82
150
102
158
98
176
111
91
80
149
172
149
90
34
134
29
144
106
169
125
173
179
1
48
0
57
151
162
23
155
132
130
112
41
174
26
21
133
91
132
112
21
71
52
121
173
17
46
52
34
175
80
20
22
53
62
94
31
47
37
119
54
40
50
65
123
55
94
41
167
64
56
44
27
71
6
79
18
82
71
170
128
75
37
22
33
175
10
87
93
122
4
3
128
133
171
73
131
174
8
35
87
152
4
146
90
136
175
22
25
124
13
51
104
148
42
67
62
148
146
30
8
23
73
133
51
128
35
47
20
30
163
15
90
113
112
57
63
44
130
137
157
122
74
20
108
18
104
149
91
103
135
96
33
28
95
26
148
56
170
36
106
18
111
99
169
154
5
28
117
125
113
8
136
51
151
142
133
70
39
83
142
177
47
123
121
53
121
127
53
12
13
7
86
96
142
56
25
103
172
67
95
37
146
94
164
178
155
56
102
16
170
178
57
133
108
67
101
161
38
25
9
143
152
51
37
154
141
83
48
2
137
170
46
154
3
145
116
179
9
20
72
62
93
144
26
96
97
2
107
127
126
160
14
175
88
115
110
30
80
11
80
86
147
115
77
69
161
38
113
127
44
168
45
141
133
59
49
5
10
116
172
26
77
1
77
99
166
3
161
153
149
179
67
167
145
51
146
137
169
107
126
112
176
92
108
143
154
33
140
83
129
120
42
21
12
30
3
7
114
49
155
146
173
7
85
62
40
117
164
139
153
112
141
103
122
141
20
17
55
14
133
42
11
137
122
30
10
25
55
136
9
150
161
27
159
105
150
40
76
174
177
76
42
51
146
6
80
49
137
164
86
164
49
147
152
123
88
76
173
99
63
123
59
103
104
96
85
95
58
146
94
130
53
66
136
164
116
43
145
145
0
40
48
153
162
12
77
88
165
157
154
108
91
124
166
63
45
36
18
92
72
1
168
128
22
168
150
38
171
71
119
73
11
160
134
104
14
169
7
136
39
163
16
129
32
27
100
14
41
124
51
96
49
90
138
10
95
70
72
115
106
123
164
39
38
166
64
48
176
119
10
115
169
92
93
75
91
177
118
110
43
85
55
146
72
4
48
96
52
128
153
130
25
95
80
142
55
47
93
36
5
123
101
169
155
23
138
133
51
8
156
124
46
147
97
93
60
93
81
161
99
91
16
111
153
46
164
31
75
52
131
57
168
71
48
10
37
144
110
78
63
62
83
82
77
10
5
155
152
147
72
155
86
158
27
148
116
56
167
19
8
106
136
39
103
36
141
8
59
86
76
24
106
107
146
88
32
16
95
162
138
162
115
117
89
82
170
133
91
75
125
4
117
68
160
162
20
30
83
87
105
31
52
83
101
68
53
122
23
138
4
37
164
164
144
150
120
9
68
167
107
111
95
18
36
161
121
115
62
11
82
105
87
142
52
145
42
149
45
63
20
90
146
99
127
10
22
22
105
107
146
3
132
132
106
41
103
81
60
114
82
159
5
137
32
70
176
111
145
77
52
62
123
86
88
84
173
103
85
155
13
34
175
162
36
3
172
48
34
33
132
105
39
40
168
97
174
10
134
138
113
104
17
165
77
134
18
53
122
176
39
55
16
173
74
110
17
142
139
131
31
93
119
98
146
86
29
145
62
8
82
96
31
37
146
135
98
142
102
72
175
38
24
50
80
139
27
134
139
74
68
90
32
78
102
13
27
9
165
17
76
146
136
108
152
80
108
91
142
129
108
112
5
41
90
148
44
24
31
156
164
4
25
175
112
158
160
162
155
87
119
12
124
24
168
130
123
94
39
114
145
118
64
120
51
170
37
127
80
145
178
164
124
166
126
89
45
59
5
28
134
10
84
167
138
55
154
35
37
38
71
23
95
174
151
43
149
7
62
1
101
51
101
38
28
73
106
34
57
95
177
55
140
68
40
134
176
170
149
128
15
165
92
150
111
120
1
137
168
101
101
119
104
45
151
96
87
117
172
77
162
159
116
80
50
23
5
74
12
72
167
142
89
4
82
91
150
114
43
73
131
8
175
32
81
94
113
54
17
134
112
113
167
24
77
21
52
107
41
3
104
142
112
98
11
106
125
81
149
96
99
62
48
63
79
75
81
155
91
25
54
116
40
156
70
124
33
164
76
142
105
117
126
42
74
46
98
129
64
70
56
128
164
37
107
123
40
86
114
21
5
161
117
159
74
113
141
11
90
161
151
40
164
2
119
73
90
83
7
60
11
81
113
163
70
175
33
19
84
100
167
74
143
167
63
164
65
74
96
151
150
87
109
131
146
7
98
132
161
117
111
120
12
162
64
0
152
86
89
79
171
28
114
20
155
31
27
132
86
162
73
66
50
34
43
129
148
47
166
139
158
133
103
130
90
12
118
17
33
62
150
65
128
166
96
104
99
45
77
11
172
79
167
113
95
63
89
43
113
112
102
69
158
38
143
61
161
93
6
162
68
56
109
3
122
81
132
127
62
53
27
147
145
136
72
102
25
107
64
171
54
74
164
0
23
157
31
51
177
102
7
35
55
132
164
17
69
78
55
71
119
78
19
159
59
19
91
23
165
131
127
114
55
84
87
60
103
34
99
163
111
98
132
149
8
14
39
50
132
47
75
138
61
97
58
167
13
64
12
30
62
156
67
30
129
99
82
125
154
153
36
37
3
163
108
163
141
101
74
174
141
176
142
164
36
169
119
47
86
48
130
177
100
107
168
90
111
131
23
33
44
107
118
153
114
130
28
137
29
106
109
75
80
38
143
150
17
48
153
79
17
160
177
2
12
50
106
165
31
108
100
48
157
73
177
138
36
20
66
8
110
22
160
154
150
145
2
89
7
79
179
141
116
125
29
147
23
168
23
165
44
174
146
127
126
37
16
17
61
50
55
78
63
86
130
138
117
31
120
53
152
152
117
145
174
165
153
138
41
107
140
160
77
155
120
44
67
147
14
49
159
154
2
162
162
67
92
154
83
145
98
74
48
176
46
2
152
21
52
7
72
117
165
178
50
38
40
114
147
15
76
54
46
56
36
18
18
107
44
123
49
179
6
133
130
107
95
71
74
97
161
61
112
39
90
1
60
5
108
72
93
139
143
50
8
3
107
98
111
58
5
132
34
155
139
105
102
113
65
69
81
91
157
38
19
162
89
155
148
120
29
167
143
66
119
40
62
126
90
79
127
65
69
157
122
132
47
152
2
28
61
55
25
107
96
123
114
115
169
101
92
141
62
40
110
14
72
134
52
35
57
134
9
9
136
150
40
108
146
134
48
8
177
110
161
97
163
104
168
25
38
61
9
121
108
23
131
31
144
174
81
29
164
149
11
15
15
10
164
58
105
123
56
138
171
104
72
21
55
124
157
173
54
89
141
26
111
150
123
15
39
108
53
92
56
107
129
79
141
19
168
69
21
123
83
70
171
38
76
104
100
66
156
11
177
3
48
106
96
176
172
117
131
76
135
154
26
132
153
46
90
53
110
169
162
71
172
87
128
125
98
52
38
76
174
35
140
98
13
164
167
118
160
69
31
125
164
96
44
130
94
78
35
59
5
99
6
82
157
93
82
115
128
106
44
55
19
152
152
59
163
46
139
74
168
103
48
147
169
67
87
153
15
11
69
67
39
45
48
36
116
100
112
34
58
176
148
130
119
112
24
116
70
134
131
95
91
2
163
116
73
107
30
55
47
133
82
52
131
4
28
133
100
157
32
46
28
103
126
138
49
135
60
109
96
91
101
6
146
36
139
20
89
139
139
3
58
74
20
162
112
155
17
152
101
51
101
46
64
33
143
13
25
125
86
138
152
2
178
79
129
172
84
177
132
88
127
82
113
59
15
123
37
164
169
69
74
47
17
170
2
105
104
123
18
65
163
147
107
95
41
159
45
2
42
137
154
115
149
5
87
150
37
105
139
142
0
104
59
43
47
64
68
80
60
94
34
138
154
102
102
28
46
153
90
132
10
135
149
117
131
88
153
120
129
127
29
33
77
31
174
30
129
168
29
153
176
170
81
169
76
24
121
99
137
49
164
123
108
3
107
89
155
8
101
56
158
54
15
97
45
30
30
4
147
142
35
114
75
42
87
88
132
147
113
125
16
79
64
114
60
179
58
149
164
3
76
6
58
143
159
24
175
64
157
152
179
6
81
108
142
62
168
57
68
21
89
55
88
10
95
47
16
110
86
15
151
141
80
111
130
72
161
150
156
139
58
22
46
19
177
135
39
113
171
34
68
117
45
129
56
151
62
179
78
55
74
165
139
136
11
36
89
134
138
104
133
14
87
76
40
156
132
99
138
53
102
84
170
143
151
150
164
65
77
176
135
159
56
136
55
77
73
63
94
1
131
116
128
137
107
120
129
153
141
154
142
33
133
70
104
94
15
175
4
144
63
131
7
90
14
135
42
16
113
51
77
143
150
90
90
38
