2
3
14
15
40
60
81
85
102
115
126
139
141
1
2
3
17
21
22
48
55
67
74
81
143
146
147
27
44
66
93
107
108
111
113
150
179
5
6
16
51
55
73
81
92
105
131
151
153
154
175
19
24
48
55
60
68
69
95
121
170
2
7
9
44
59
62
70
96
99
124
149
170
11
26
46
48
78
79
84
110
114
135
137
154
10
18
60
66
71
79
101
107
118
118
3
13
28
30
57
61
62
66
81
90
114
131
134
134
135
137
155
160
168
169
171
2
18
40
42
44
99
130
141
177
11
21
52
58
63
80
83
85
103
106
107
112
151
156
159
43
57
59
65
70
71
84
120
141
162
163
12
31
34
48
61
64
73
75
103
131
151
155
165
168
177
10
43
51
61
69
77
108
148
162
178
35
44
45
60
92
119
147
149
153
157
164
166
169
172
178
32
88
107
119
162
7
22
48
68
70
71
77
87
91
112
115
122
173
20
24
60
95
101
107
121
130
137
143
147
170
7
21
30
30
40
53
56
93
96
114
122
128
128
50
53
59
75
84
99
109
120
156
158
171
3
6
7
34
37
41
46
64
66
75
75
94
95
109
113
122
138
144
147
159
160
174
7
26
55
59
92
97
99
117
147
147
153
164
6
24
49
60
62
63
64
69
126
158
159
176
1
22
26
29
59
122
126
158
164
170
171
21
34
38
47
59
60
68
81
81
90
120
123
151
165
11
15
35
40
55
67
79
82
87
97
100
101
111
114
131
134
135
152
155
166
169
172
173
176
19
20
45
58
72
82
107
128
137
137
138
146
153
158
162
167
172
173
175
176
9
14
28
35
50
57
91
91
98
108
112
126
158
164
