170
170
169
158
158
140
132
122
119
115
107
100
95
89
86
85
74
72
68
63
58
56
53
41
41
35
33
31
26
24
21
7
12
24
28
29
39
41
42
45
54
65
70
71
71
79
82
88
89
92
95
103
113
117
143
160
164
164
166
169
178
174
174
172
172
172
171
166
163
158
157
150
148
142
141
135
131
120
113
113
102
98
95
90
86
69
68
66
62
61
52
48
47
42
38
37
32
30
28
27
24
21
17
14
13
6
8
10
14
17
18
19
20
21
22
24
26
27
28
31
42
47
55
56
58
60
67
67
69
74
77
90
92
116
119
132
132
134
140
141
143
144
147
147
160
171
171
150
146
141
135
133
130
130
128
126
121
114
107
104
103
102
98
96
89
83
79
71
56
49
46
46
39
37
35
29
29
26
24
20
20
16
16
13
29
43
44
46
48
65
68
76
83
89
94
99
102
107
116
123
125
126
133
138
154
154
162
163
163
165
167
168
172
176
175
173
157
153
133
108
102
95
93
85
85
83
77
74
64
64
0
1
4
14
16
20
20
22
28
29
32
34
35
36
45
63
67
69
70
71
82
85
86
95
99
104
108
112
119
127
130
142
148
162
162
164
171
176
186
189
194
200
217
219
220
224
235
235
237
244
244
248
249
261
262
264
277
293
293
294
300
301
312
314
319
322
341
343
357
357
359
363
363
374
375
378
380
397
399
406
410
419
423
433
434
435
438
440
441
443
443
447
461
471
480
481
484
491
493
497
498
498
506
506
510
513
513
515
528
