2
4
170
168
166
159
155
148
139
128
96
93
74
73
73
65
63
37
37
33
32
21
3
4
18
19
21
31
35
40
42
64
68
72
75
78
87
92
101
102
121
122
132
133
139
147
156
159
160
178
157
151
148
137
132
124
111
108
76
74
65
61
58
57
56
53
43
34
29
28
22
0
2
3
9
19
35
41
45
49
52
58
73
74
77
81
83
97
98
99
100
100
101
109
114
123
131
133
146
150
150
158
162
171
179
178
177
172
172
159
158
155
144
133
132
111
90
85
63
59
58
39
34
16
9
7
3
6
9
24
40
41
52
62
64
94
97
99
112
114
134
145
155
158
162
165
165
174
171
153
148
145
131
128
125
113
107
99
99
97
90
68
66
50
34
34
23
11
10
8
13
15
16
35
50
51
57
58
59
69
75
80
81
82
96
97
98
113
118
123
131
140
154
163
180
172
165
155
148
135
132
127
118
115
107
92
87
82
80
76
60
48
29
23
23
23
11
3
8
12
16
32
36
36
41
56
69
74
83
84
88
91
107
110
118
123
132
135
136
137
138
143
156
165
167
169
157
149
120
107
106
103
97
90
87
79
41
34
26
21
19
4
13
23
25
29
33
54
57
67
68
75
80
89
91
99
103
106
121
127
129
139
149
158
159
159
168
174
163
137
132
126
108
106
104
3
15
16
20
20
27
37
41
46
47
49
59
60
65
70
72
79
81
86
87
93
95
107
114
129
133
147
148
164
174
179
181
181
182
191
192
193
197
213
242
245
257
257
261
261
272
277
295
299
303
308
322
327
338
342
344
345
353
357
364
372
376
377
422
423
424
428
429
432
436
457
464
493
495
497
517
517
520
534
538
552
569
582
582
584
588
594
595
597
628
630
630
638
646
652
667
674
674
679
166
14
20
36
44
49
52
54
63
64
101
113
123
136
137
140
144
159
167
168
179
161
161
152
137
134
130
129
121
120
109
107
103
90
76
71
58
57
53
49
43
39
32
23
21
16
10
7
20
32
32
36
54
57
65
65
71
80
81
83
93
97
102
104
122
128
131
133
137
144
155
161
170
170
165
148
141
115
96
81
77
70
64
58
58
58
51
45
44
43
33
22
13
8
7
1
2
7
12
33
37
41
53
65
68
73
75
79
82
88
91
98
106
111
113
128
136
138
138
145
162
164
166
178
173
163
159
157
142
135
132
128
120
102
89
10
0
3
11
14
16
35
43
43
67
79
94
99
105
106
109
112
129
134
140
145
146
151
170
173
168
163
161
160
158
152
150
147
139
136
125
112
108
100
97
83
60
54
51
50
49
42
32
31
30
30
12
6
7
23
24
26
28
28
28
34
37
38
42
48
49
49
58
66
67
68
72
72
81
92
96
99
99
115
115
130
130
136
139
144
147
153
154
160
170
153
149
141
135
127
121
114
103
92
85
53
49
45
42
41
27
18
15
7
9
10
19
35
36
55
57
58
64
66
91
100
103
111
111
112
112
116
124
128
136
136
136
142
143
149
150
158
164
167
168
172
172
172
166
137
123
112
109
104
101
89
75
59
57
55
48
48
45
41
28
6
12
31
