4
4
166
104
80
57
28
31
66
97
103
114
123
124
147
153
168
143
140
84
60
59
48
43
33
33
38
41
70
113
142
153
179
152
151
129
88
30
60
61
81
105
114
130
133
135
120
95
38
35
16
15
43
90
94
106
120
122
137
173
173
115
85
66
47
9
4
26
63
90
111
112
132
147
167
171
146
134
128
104
101
63
61
55
24
23
6
7
20
25
43
50
100
153
167
147
144
140
8
23
32
52
79
120
122
128
147
160
161
173
180
202
212
222
282
313
321
354
363
368
402
441
464
517
518
528
557
577
579
603
610
676
681
687
25
28
31
47
51
52
76
79
111
114
151
170
170
176
165
147
129
105
103
65
57
40
32
26
16
24
26
56
96
111
120
162
166
167
136
100
14
25
47
57
80
81
89
135
137
142
155
163
179
168
115
99
84
31
21
25
28
42
52
88
111
122
149
173
134
103
96
84
59
23
29
30
44
53
94
96
121
132
137
143
171
119
106
103
97
95
41
1
8
55
90
102
107
123
134
144
151
167
167
154
133
124
94
29
11
0
6
18
23
28
