0
5
5
5
170
170
165
165
160
155
150
140
130
105
95
95
80
75
75
75
65
65
55
35
35
35
30
20
5
5
20
20
20
30
30
30
35
40
40
65
65
70
70
75
80
85
90
95
100
100
105
115
120
120
125
125
130
135
140
145
145
155
155
160
160
180
170
155
150
150
145
140
135
130
125
110
110
85
75
75
65
60
60
60
60
55
55
55
50
45
45
35
35
35
30
30
20
0
0
5
10
20
35
40
40
40
45
50
50
60
70
75
75
75
80
85
95
100
100
100
100
100
110
115
115
125
130
135
140
145
150
150
155
160
160
170
180
180
180
175
170
170
160
160
155
150
150
145
135
130
130
110
90
90
85
65
60
60
40
35
15
10
5
5
5
10
25
30
40
40
50
60
60
60
65
80
95
95
100
105
110
115
115
130
135
135
145
155
160
160
165
165
175
170
155
150
145
135
130
130
125
120
115
105
100
100
95
95
90
70
65
50
40
35
35
35
25
15
10
10
10
15
15
15
15
35
45
50
50
55
60
60
70
75
80
80
80
90
95
95
95
100
105
115
120
120
120
125
130
135
140
155
165
175
180
175
170
165
155
150
135
130
125
120
115
115
105
90
85
85
80
80
75
65
60
50
45
30
25
25
25
10
10
5
5
10
10
15
25
30
35
35
40
55
65
70
75
85
85
90
90
90
105
110
110
110
120
125
130
130
135
135
135
140
145
145
155
165
165
165
170
170
155
150
145
135
130
120
105
105
105
105
100
95
90
85
80
65
60
55
40
35
25
25
25
20
20
5
5
5
15
20
25
25
25
30
35
45
50
55
55
65
70
75
80
90
90
100
100
105
105
120
125
130
140
150
155
160
160
160
170
175
165
165
145
145
140
135
130
125
110
105
105
5
10
15
15
20
20
25
25
30
35
40
45
45
50
50
60
60
65
70
70
80
80
80
85
85
95
95
105
115
120
120
130
130
135
145
145
150
160
160
165
175
175
180
180
180
180
180
190
190
195
195
200
210
215
220
240
245
255
255
260
260
270
275
280
295
300
305
310
315
320
320
325
340
340
345
345
355
355
355
365
365
370
370
375
375
400
420
425
425
430
430
430
435
440
455
465
465
495
495
495
515
515
515
520
520
530
535
540
550
555
570
575
580
580
580
585
590
595
595
595
605
610
630
630
630
640
645
650
665
675
675
675
680
680
685
165
15
20
25
30
30
35
45
45
50
50
50
50
55
65
65
75
80
100
110
115
115
125
135
135
140
145
150
160
165
170
170
170
180
175
165
160
160
150
145
135
135
130
130
130
120
120
110
105
105
105
105
90
75
70
65
60
55
55
55
50
45
40
40
30
30
25
25
20
15
10
5
15
20
25
25
30
30
35
55
55
55
65
65
70
80
80
85
95
95
95
100
105
110
120
120
130
130
135
135
145
155
160
160
165
170
170
165
165
150
140
135
115
100
95
80
75
70
65
60
60
60
50
45
45
45
35
20
15
10
5
0
0
5
10
15
25
35
35
40
45
55
55
65
70
75
75
80
80
80
80
90
90
90
100
105
110
115
130
135
135
135
140
140
140
145
155
160
165
165
165
180
180
175
170
165
160
155
140
135
130
130
120
115
100
100
90
85
30
20
10
0
5
10
15
15
25
30
35
40
45
45
50
65
80
90
95
100
105
105
110
110
110
120
130
135
140
145
145
150
150
170
175
175
170
165
160
160
160
150
150
145
140
135
135
125
110
110
105
100
95
95
85
85
60
60
55
50
50
50
40
30
30
30
30
25
10
5
5
25
25
25
30
30
30
30
30
35
35
40
40
45
50
50
50
55
60
65
65
70
70
70
80
90
95
95
95
100
100
115
115
120
130
130
130
135
135
140
145
145
145
155
155
160
170
170
155
150
140
135
125
120
120
115
105
105
105
95
95
90
85
55
50
45
40
40
40
25
20
15
0
5
10
10
10
20
35
35
55
55
55
60
65
65
90
90
100
100
105
105
110
110
110
110
115
125
125
130
135
135
135
135
140
145
145
150
150
150
160
165
165
165
170
170
170
170
165
165
155
135
135
125
125
110
110
105
100
95
90
75
60
55
55
50
50
45
40
30
30
10
5
0
5
10
20
25
30
30
