13
23
42
60
68
88
98
112
121
144
149
158
161
164
179
156
151
139
125
100
83
75
61
34
16
12
10
8
7
7
9
16
18
40
70
85
114
122
132
136
148
152
157
158
160
163
167
171
162
161
160
159
157
155
153
151
149
132
121
109
87
36
30
16
5
36
40
47
54
62
76
79
80
100
128
136
138
139
145
148
150
159
161
169
169
135
131
113
101
78
75
44
38
23
15
9
8
6
8
50
74
81
90
98
98
101
107
109
120
120

4
10
22
23
30
32
35
38
67
76
114
129
131
131
139
147
149
157
171
164
162
144
142
140
131
125
112
99
94
88
78
77
64
55
45
42
30
24
24
11
6
2
3
37
62
76
80
81
99
115
122
138
139
140
140
147
148
149
153
159
176
180
175
175
156
155
152
149
143
141
139
136
130
130
125
125
122
122
113
84
81
59
58
53
34
32
20
34
57
138
142
143
145
151
156
173
163
150
148
141
125
121
117
113
107
103
99
92
70
46
30
28
18
14
12
8
3
18
42
62
74
90
95
114
133
143
148
162
175
167
157
153
148
138
116
99
82
77
77
72
61
51
50
43
21
2
14
39
42
90
106
107
109
123
131

178
13
43
90
110
111
121
152
176
161
159
144
139
137
107
103
101
57
55
46
38
30
20
17
3
24
31
59
74
107
109
118
123
131
140
150
156
180
178
177
171
161
130
101
97
96
81
80
78
78
77
46
44
27
26
19
14
9
9
23
24
27
38
49
50
71
93
98
121
125
126
169
177
177
174
171
155
139
138
127
116
114
83
80
79
65
31
18
14
11
7
33
51
54
57
69
75
84
86
93
134
150
173
175
167
144
119
104
99
96
82
80
64
37
13
1
10
17
26
50
55
64
67
76
102
103
107
123
136
155
161
161
174
177
172
168
147
144
138
90
87
68
60
55
45
42
41
34
21
10
7
25
33
62
93
105
150
159
166
156
151
146
125
122
112
111
104
99
89
87
79
72
56
50
48
38
28
19
17
17
8
2
50
57
77
79
159
143
135
127
125
116
77
64
42
40
37
33
21
21
30
45
48
52
53
62
62
74
76
80
108
113
131
135
146
152
169
178
160
148
147
113
107
97
95
76
55
46
44
39
21
16
6
11
16
34
41
67
102
120
126
133
139
140
142
151
162
178
179
178
173
142
138
114
106
90
71
66
65
49
39
39
31
15
10
8
23
40
51
54
63
82
180
177
169
166
144
136
111
99
84
79
72
37
30
25
6
20
23
29
32
34
46
71
75
83
86
130
133
134
135
155
155
178
173
156
156
151
151
141
137
130
121
106
106
79
78
63
47
41
37
33
30
22
17
6
29
33
79
98
131
139
143
144
158
167
170
173
171
170
160
121
113
78
75
67
66
66
61
53
49
41
41
41
27
18
13
5
59
71
78
81
108
124
129
135
143
149

178
13
43
90
110
111
121
152
176
161
159
144
139
137
107
103
101
57
55
46
38
30
20
17
3
24
31
59
74
107
109
118
123
131
140
150
156
180
178
177
171
161
130
101
97
96
81
80
78
78
77
46
44
27
26
19
14
9
9
23
24
27
38
49
50
71
93
98
121
125
126
169
177
177
174
171
155
139
138
127
116
114
83
80
79
65
31
18
14
11
7
33
51
54
57
69
75
84
86
93
134
150
173
175
167
144
119
104
99
96
82
80
64
37
13
1
10
17
26
50
55
64
67
76
102
103
107
123
136
155
161
161
174
177
172
168
147
144
138
90
87
68
60
55
45
42
41
34
21
10
7
25
33
62
93
105
150
159
166
156
151
146
125
122
112
111
104
99
89
87
79
72
56
50
48
38
28
19
17
17
8
2
50
57
77
79
159
143
135
127
125
116
77
64
42
40
37
33
21
21
30
45
48
52
53
62
62
74
76
80
108
113
131
135
146
152
169
178
160
148
147
113
107
97
95
76
55
46
44
39
21
16
6
11
16
34
41
67
102
120
126
133
139
140
142
151
162
178
179
178
173
142
138
114
106
90
71
66
65
49
39
39
31
15
10
8
23
40
51
54
63
82
180
177
169
166
144
136
111
99
84
79
72
37
30
25
6
20
23
29
32
34
46
71
75
83
86
130
133
134
135
155
155
178
173
156
156
151
151
141
137
130
121
106
106
79
78
63
47
41
37
33
30
22
17
6
29
33
79
98
131
139
143
144
158
167
170
173
171
170
160
121
113
78
75
67
66
66
61
53
49
41
41
41
27
18
13
5
59
71
78
81
108
124
129
135
143
149
2
6
14
23
24
37
43
59
60
79
95
100
114
123
129
164
166
171
159
143
140
123
114
102
100
81
81
73
71
68
67
58
52
35
31
20
17
11
26
48
51
52
76
78
99
106
110
119
140
142
148
163
173
172
171
169
162
152
117
103
98
94
92
70
69
55
26
5
15
16
19
36
50
58
98
132
134
135
138
148
161
165
177
172
162
153
122
99
78
75
74
48
45
39
11
18
42
45
58
74
78
116
118
165
173
152
131
129
128
126
119
102
100
93
71
71
69
59
47
4
27
58
66
73
82
82
93
96
108
117
141
144
147
154
169
167
159
154
151
118
110
89
76
65
63
38
24
12
5
12
33
48
63
82
106
122
127
132
159
161
167
171
171
168
167
134
132
131
108
102
92
87
72
63
29
24
3
18
22
54
84
106
107
115
140
145
151
155
162
168
165
157
153
115
111
89
80
73
69
68
61
56
56
16
4
43
49
52
64
91
94
131
146
158
161
162
163
170
126
122
95
64
59
57
45
43
31
15
7
6
19
36
37
39
46
52
61
65
85
97
97
102
109
122
132
137
138
140
146
156
157
167
173
177
177
173
163
162
153
143
130
96
80
44
39
14
3
8
25
27
36
37
47
50
76
123
127
142
153
157
177
163
123
115
73
71
64
59
44
29
25
23
10
8
3
4
30
55
62
71
80
80
81
105
112
113
150
157
159
172
179
180
170
163
161
132

13
23
42
60
68
88
98
112
121
144
149
158
161
164
179
156
151
139
125
100
83
75
61
34
16
12
10
8
7
7
9
16
18
40
70
85
114
122
132
136
148
152
157
158
160
163
167
171
162
161
160
159
157
155
153
151
149
132
121
109
87
36
30
16
5
36
40
47
54
62
76
79
80
100
128
136
138
139
145
148
150
159
161
169
169
135
131
113
101
78
75
44
38
23
15
9
8
6
8
50
74
81
90
98
98
101
107
109
120
120
22
29
33
39
45
46
48
52
52
54
58
81
86
113
133
141
147
160
160
170
172
174
177
178
173
166
162
155
131
123
99
99
85
75
66
62
51
48
46
38
31
27
22
21
17
16
1
16
23
33
34
47
48
71
73
76
81
82
98
101
104
106
111
122
127
135
137
147
155
161
178
178
152
142
126
117
79
59
47
42
38
16
1
21
41
73
86
94
122
123
131
131
163
142
129
128
121
120
116
115
90
84
80
79
79
58
57
51
46
30
28
6
13
16
22
57
71
81
85
91
99
104
106
110
133
142
148
152
157
159
162
170
176
159
154
149
115
114
82
70
62
62
43
43
36
27
8
32
36
42
61
63
73
91
99
102
107
114
6
6
10
13
24
86
86
117
138
140
170
174
175
166
160
137
137
133
116
97
95
76
71
54
46
46
35
1
12
12
54
70
75
93
98
122
127
169
167
164
136
135
102
95
86
69
50
40
33
23
14
19
34
42
47
55
69
73
78
92
103
120
125
143
148
156
178
156
155
135
129
111
108
104
92
86
82
81
79
59
52
48
42
41
35
21
55
58
61
82
86
91
95
104
104
112
120
139
168
170
176
161
150
137
113
91
84
77
65
64
61
59
59
52
47
41
27
26
15
15
12
47
72
90
136
140
152
156
161
166
173
156
155
151
147
146
141
140
134
125
100
69
52
47
42
26
24
12
6
15
15
18
18
20
25
34
53
54
60
74
98
109
115
118
123
131
139
145
146
178
168
167
155
142
132
125
113
97
89
70
20
17
14
8
26
28
28
30
72
74
87
110
114
116
122
133
133
136
137
139
146
163
166
167
161
156
154
150
149
149
130
102
81
65
63
57
57
45
36
19
23
81
90
98
103
114
115
119
141
142
142
173
174
163
157
142
105
86
23
25
36
60
63
81
90
93
108
116
116
121
126
138
145
177
164
143
140
135
130
122
87
69
66
51
47
29
2
20
25
29
30
39
63
91
101
115
120
7
15
16
25
27
28
36
36
48
49
70
81
98
111
130
145
150
160
164
143
141
140
139
136
134
131
120
110
110
97
96
51
48
41
25
2
2
14
14
20
33
35
38
70
78
79
82
85
90
99
120
125
132
146
153
159
166
169
172
159
149
146
135
129
128
123
67
66
59
57
49
40
33
4
3
1
23
43
53
53
98
100
103
107
112
114
116
123
127
131
131
134
163
173
179
166
153
149
146
139
129
119
99
97
89
89
85
70
48
46
43
37
32
30
30
26
26
20
19
23
36
40
56
67
82
87
89
95
113
116
132
133
142
144
157
168
172
179
174
148
120
86
71
71
65
62
58
37
19
14
1
24
39
42
47
59
79
97
106
107
111
113
115
125
125
141
142
143
145
160
163
168
176
176
172
165
162
148
147
125
103
91
84
83
44
16
13
16
39
41
50
74
74
93
95
97
104
104
108
110
123
125
133
140
178
171
169
149
134
125
108
97
96
94
85
82
82
66
59
56
49
45
45
34
25
23
37
41
44
54
68
95
104
119
126
133
149
164
168
161
151
147
142
