158
107
100
74
68
56
41
33
39
65
88
89
92
164
178
172
172
135
131
120
113
102
86
47
42
38
30
14
21
27
42
55
56
60
67
74
119
134
144
171
150
133
130
98
96
89
79
20
13
89
94
107
116
123
125
154
165
172
157
95
0
36
69
82
85
86
130
148
224
235
262
277
293
293
319
322
343
357
378
397
406
423
481
498
510
515
177
171
146
145
141
139
138
122
98
73
60
9
41
79
84
92
95
107
109
109
167
162
161
157
120
112
99
80
78
65
51
15
24
28
39
52
92
109
120
165
174
160
122
120
119
110
88
85
78
44
44
16
22
58
91
101
111
149
174
160
139
112
98
84
82
72
71
54
45
32
13
16
30
38
41
67
70
72
73
108
166
163
137
133
132
117
103
180
171
137
95
75
64
49
13
18
82
119
135
159
161
128
113
64
30
21
19
15
0
10
14
32
62
94
129
133
148
152
159
175
166
150
149
133
110
103
67
34
29
21
13
13
23
24
35
35
40
70
99
106
120
126
131
157
146
138
123
93
80
74
69
38
19
30
39
66
86
92
98
124
145
152
136
134
91
84
49
23
13
28
66
78
79
96
124
151
152
139
92
73
59
37
8
24
27
46
84
89
119
131
157
170
172
175
174
167
164
156
145
122
27
19
1
71
118
124
139
169
168
157
150
112
48
6
15
16
43
98
100
4
13
20
34
43
59
85
108
129
134
135
140
169
213
249
283
300
350
352
357
358
363
367
384
390
441
506
545
554
559
562
578
610
626
642
648
657
659
681
683
725
733
733
743
772
790
165
163
149
93
79
51
17
14
7
16
95
103
113
146
148
150
173
154
154
151
136
112
93
86
77
168
149
137
132
121
79
72
61
56
55
52
32
31
10
8
0
30
38
46
75
101
144
178
166
160
98
97
71
60
49
31
31
12
16
27
56
86
123
142
161
167
146
142
142
1
45
62
68
73
74
176
165
164
159
112
40
20
18
1
17
25
28
34
37
56
63
75
153
171
158
135
123
119
115
88
52
27
22
35
73
78
79
93
100
101
110
155
137
135
95
66
40
30
26
16
65
73
100
115
118
132
153
174
163
151
126
86
80
63
47
17
18
20
