2
168
139
93
73
73
63
33
3
18
21
35
40
42
72
75
78
121
122
132
139
147
156
159
178
157
151
124
108
76
74
65
61
53
43
34
29
0
2
3
9
19
49
77
81
83
97
98
100
100
101
131
133
150
150
158
162
172
172
159
158
155
144
133
132
111
90
85
63
59
58
16
9
3
6
9
24
40
41
52
62
64
94
97
99
112
145
158
162
165
174
148
131
128
125
113
107
99
97
90
50
34
11
10
13
35
59
75
80
82
96
98
113
140
163
180
172
165
155
132
127
118
115
107
82
80
76
60
48
29
23
23
11
3
8
12
32
36
41
88
91
110
118
123
132
135
136
143
156
167
169
157
149
120
90
79
34
26
19
23
29
33
54
57
67
68
75
80
89
91
99
106
121
127
129
139
149
158
159
159
168
174
132
126
106
104
3
16
20
20
37
46
47
59
70
72
79
81
87
95
107
114
133
147
148
164
179
181
181
182
192
213
242
245
257
261
272
295
299
303
322
327
338
342
344
353
423
424
432
436
464
493
495
497
517
517
538
552
582
582
595
597
628
630
646
652
667
674
679
20
36
44
52
54
63
101
113
136
137
140
144
161
161
152
137
134
130
129
121
120
109
107
103
76
71
53
49
39
32
16
7
20
32
32
65
71
81
83
102
122
131
133
137
155
161
170
170
165
148
141
115
81
64
58
51
45
44
43
33
22
7
1
2
7
37
41
65
73
88
106
111
113
128
138
138
145
162
166
173
159
142
132
128
120
102
0
3
11
14
35
43
67
79
94
99
105
140
146
151
170
161
158
152
150
147
136
112
108
100
97
54
51
50
49
30
30
6
7
23
24
28
28
38
42
48
58
72
72
99
99
115
130
136
139
144
147
154
160
170
153
149
103
85
53
45
42
41
27
18
15
7
9
10
19
57
66
100
103
111
111
112
116
124
128
136
136
136
150
158
164
172
123
112
104
101
75
59
55
48
41
31
