2
4
4
168
166
139
104
93
80
73
73
63
57
33
3
18
21
28
31
35
40
42
66
72
75
78
97
103
114
121
122
123
124
132
139
147
147
153
156
159
178
168
157
151
143
140
124
108
84
76
74
65
61
60
59
53
48
43
43
34
33
33
29
0
2
3
9
19
38
41
49
70
77
81
83
97
98
100
100
101
113
131
133
142
150
150
153
158
162
179
172
172
159
158
155
152
151
144
133
132
129
111
90
88
85
63
59
58
16
9
3
6
9
24
30
40
41
52
60
61
62
64
81
94
97
99
105
112
114
130
133
145
158
162
165
174
148
135
131
128
125
120
113
107
99
97
95
90
50
38
35
34
16
11
10
13
15
35
43
59
75
80
82
90
94
96
98
106
113
120
122
137
140
163
173
180
173
172
165
155
132
127
118
115
115
107
85
82
80
76
66
60
48
47
29
23
23
11
9
3
4
8
12
26
32
36
41
63
88
90
91
110
111
112
118
123
132
132
135
136
143
147
156
167
167
169
171
157
149
146
134
128
120
104
101
90
79
63
61
55
34
26
24
23
19
6
7
20
23
25
29
33
43
50
54
57
67
68
75
80
89
91
99
100
106
121
127
129
139
149
153
158
159
159
168
174
167
147
144
140
132
126
106
104
3
8
16
20
20
23
32
37
46
47
52
59
70
72
79
79
81
87
95
107
114
120
122
128
133
147
147
148
160
161
164
173
179
180
181
181
182
192
202
212
213
222
242
245
257
261
272
282
295
299
303
313
321
322
327
338
342
344
353
354
363
368
402
423
424
432
436
441
464
464
493
495
497
517
517
517
518
528
538
552
557
577
579
582
582
595
597
603
610
628
630
646
652
667
674
676
679
681
687
20
25
28
31
36
44
47
51
52
52
54
63
76
79
101
111
113
114
136
137
140
144
151
170
170
176
165
161
161
152
147
137
134
130
129
129
121
120
109
107
105
103
103
76
71
65
57
53
49
40
39
32
32
26
16
7
16
20
24
26
32
32
56
65
71
81
83
96
102
111
120
122
131
133
137
155
161
162
166
170
170
167
165
148
141
136
115
100
81
64
58
51
45
44
43
33
22
7
1
2
7
14
25
37
41
47
57
65
73
80
81
88
89
106
111
113
128
135
137
138
138
142
145
155
162
163
166
179
173
168
159
142
132
128
120
115
102
99
84
31
21
0
3
11
14
25
28
35
42
43
52
67
79
88
94
99
105
111
122
140
146
149
151
170
173
161
158
152
150
147
136
134
112
108
103
100
97
96
84
59
54
51
50
49
30
30
23
6
7
23
24
28
28
29
30
38
42
44
48
53
58
72
72
94
96
99
99
115
121
130
132
136
137
139
143
144
147
154
160
170
171
153
149
119
106
103
103
97
95
85
53
45
42
41
41
27
18
15
1
7
8
9
10
19
55
57
66
90
100
102
103
107
111
111
112
116
123
124
128
134
136
136
136
144
150
151
158
164
167
172
167
154
133
124
123
112
104
101
94
75
59
55
48
41
29
11
0
6
18
23
28
31
