11
11
13
23
23
42
50
60
64
68
76
83
88
94
98
98
110
112
116
121
127
128
131
144
144
149
152
154
158
161
164
179
3
7
7
9
9
10
10
16
18
23
24
31
34
40
40
47
51
62
70
70
81
85
88
93
97
114
116
118
122
122
132
136
137
143
146
148
152
154
157
158
160
163
167
171
172
10
32
36
40
47
50
52
52
54
56
62
68
76
79
80
81
85
87
95
100
105
113
128
136
138
139
145
148
150
155
156
159
161
165
165
169
169
172
5
6
8
24
29
50
74
81
88
90
98
98
101
107
109
120
120

4
10
13
14
22
23
24
30
32
35
38
42
45
66
67
67
76
79
95
98
114
117
118
122
129
130
131
131
139
147
148
149
157
165
173
176
2
3
9
9
10
24
37
61
62
63
72
74
76
80
81
99
115
121
122
132
133
135
138
139
140
140
147
148
149
152
153
153
159
163
170
176
3
18
20
34
35
41
41
55
57
60
82
85
99
102
125
129
136
138
142
143
145
151
156
162
171
171
3
8
18
38
42
48
48
60
62
74
87
90
95
114
114
121
121
125
131
133
141
143
148
154
162
170
175
1
7
14
24
39
42
43
50
54
54
61
90
106
107
109
111
112
122
123
128
130
131

11
13
15
15
23
26
34
43
54
79
87
90
104
110
110
111
119
121
127
147
148
152
153
164
3
13
24
31
34
39
42
45
49
59
71
74
99
107
109
118
123
124
125
125
126
128
131
136
140
140
150
151
151
156
156
162
2
2
3
4
9
9
23
24
27
30
31
38
49
50
53
71
93
95
98
121
125
126
145
150
169
177
178
7
10
29
33
37
47
51
54
57
62
69
75
84
84
86
88
93
115
117
134
146
149
150
150
161
169
173
175
176
1
8
10
17
26
33
47
50
55
64
67
67
76
91
96
98
102
103
107
118
123
136
137
155
161
161
162
174
176
25
33
36
48
54
62
76
77
79
80
82
86
93
97
105
121
122
129
143
150
159
161
162
164
166
14
19
35
38
42
45
50
57
75
77
79
15
3
6
17
21
21
30
35
45
48
52
53
54
62
62
74
76
78
80
80
94
108
113
119
126
127
127
131
135
141
145
146
152
153
159
161
164
169
175
178
11
14
16
34
41
46
67
83
87
102
106
113
120
126
126
126
133
139
140
142
151
162
172
177
178
2
3
8
13
19
23
25
40
48
51
54
63
68
82
84
94
100
153
164
176
8
9
13
19
20
22
23
29
32
34
43
46
48
57
71
75
80
83
86
87
99
101
123
125
130
133
134
135
142
152
153
155
155
161
172
178
29
33
40
47
55
61
63
69
76
79
80
86
88
91
98
131
135
139
143
143
144
158
167
170
9
14
15
28
45
49
58
59
71
74
78
81
88
94
108
124
126
129
135
135
139
143
156
156
174
179

11
13
15
15
23
26
34
43
54
79
87
90
104
110
110
111
119
121
127
147
148
152
153
164
3
13
24
31
34
39
42
45
49
59
71
74
99
107
109
118
123
124
125
125
126
128
131
136
140
140
150
151
151
156
156
162
2
2
3
4
9
9
23
24
27
30
31
38
49
50
53
71
93
95
98
121
125
126
145
150
169
177
178
7
10
29
33
37
47
51
54
57
62
69
75
84
84
86
88
93
115
117
134
146
149
150
150
161
169
173
175
176
1
8
10
17
26
33
47
50
55
64
67
67
76
91
96
98
102
103
107
118
123
136
137
155
161
161
162
174
176
25
33
36
48
54
62
76
77
79
80
82
86
93
97
105
121
122
129
143
150
159
161
162
164
166
14
19
35
38
42
45
50
57
75
77
79
15
3
6
17
21
21
30
35
45
48
52
53
54
62
62
74
76
78
80
80
94
108
113
119
126
127
127
131
135
141
145
146
152
153
159
161
164
169
175
178
11
14
16
34
41
46
67
83
87
102
106
113
120
126
126
126
133
139
140
142
151
162
172
177
178
2
3
8
13
19
23
25
40
48
51
54
63
68
82
84
94
100
153
164
176
8
9
13
19
20
22
23
29
32
34
43
46
48
57
71
75
80
83
86
87
99
101
123
125
130
133
134
135
142
152
153
155
155
161
172
178
29
33
40
47
55
61
63
69
76
79
80
86
88
91
98
131
135
139
143
143
144
158
167
170
9
14
15
28
45
49
58
59
71
74
78
81
88
94
108
124
126
129
135
135
139
143
156
156
174
179
2
5
6
8
14
14
15
23
24
31
34
37
40
43
53
59
60
70
71
75
79
84
95
100
106
113
114
117
123
129
138
148
164
166
169
171
175
11
15
26
45
48
51
52
57
61
64
74
76
77
78
79
85
93
94
97
99
103
106
108
110
119
134
140
142
144
148
163
164
168
13
15
16
19
20
27
35
36
50
56
58
72
76
78
98
98
100
111
114
120
125
132
134
135
137
138
148
155
157
161
165
177
11
18
19
21
42
45
46
47
51
58
71
74
78
86
91
95
116
118
126
143
153
153
162
165
173
8
8
20
27
27
42
58
66
73
79
82
82
88
93
96
103
106
108
117
122
128
131
138
141
144
147
149
151
154
160
161
163
169
173
7
12
15
33
36
48
59
63
82
98
99
105
106
122
122
127
130
132
144
145
147
159
161
167
171
173
6
16
18
18
22
26
29
34
37
48
54
61
65
73
78
83
83
84
84
90
97
106
107
115
137
140
145
151
155
162
168
174
179
38
42
42
43
43
49
51
52
56
58
61
64
64
80
81
91
94
98
102
113
119
126
131
138
146
149
158
161
162
163
164
170
177
19
21
23
26
30
36
37
39
41
46
48
51
52
61
65
74
85
93
97
97
97
98
102
109
116
122
124
132
137
138
140
146
152
156
157
167
171
172
173
177
3
3
8
22
25
27
36
37
42
46
47
50
64
70
76
93
95
101
110
120
123
126
127
131
142
153
157
165
166
4
20
26
26
30
48
51
55
57
60
60
62
71
80
80
81
81
92
105
105
108
112
113
119
127
131
132
133
137
138
147
150
157
159
159
167
172
179

11
11
13
23
23
42
50
60
64
68
76
83
88
94
98
98
110
112
116
121
127
128
131
144
144
149
152
154
158
161
164
179
3
7
7
9
9
10
10
16
18
23
24
31
34
40
40
47
51
62
70
70
81
85
88
93
97
114
116
118
122
122
132
136
137
143
146
148
152
154
157
158
160
163
167
171
172
10
32
36
40
47
50
52
52
54
56
62
68
76
79
80
81
85
87
95
100
105
113
128
136
138
139
145
148
150
155
156
159
161
165
165
169
169
172
5
6
8
24
29
50
74
81
88
90
98
98
101
107
109
120
120
4
11
16
22
29
33
36
37
39
41
43
44
44
45
45
46
48
52
52
54
54
58
60
79
81
85
86
111
113
119
124
133
141
147
159
160
160
170
172
174
177
178
1
16
20
20
23
25
33
34
47
48
62
71
71
73
76
81
82
84
98
101
103
104
105
106
111
113
114
118
122
126
126
127
133
133
135
137
147
155
161
170
178
178
1
3
7
16
21
21
41
42
45
57
60
63
64
64
72
73
77
86
89
94
95
98
105
118
122
123
131
131
137
140
140
149
169
170
7
13
16
19
22
22
43
55
57
58
71
71
81
85
85
91
99
99
100
101
104
106
110
112
113
120
130
133
139
142
148
152
152
157
158
159
162
168
168
170
176
8
18
18
26
32
36
42
45
49
50
50
61
63
65
66
73
80
83
88
91
93
99
100
101
102
107
109
114
1
6
6
10
11
12
13
13
24
34
43
45
86
86
86
88
88
89
108
117
118
120
125
126
129
135
138
140
149
161
170
172
174
1
12
12
27
41
42
44
47
54
54
69
70
72
75
77
93
95
96
98
106
115
120
121
122
127
130
136
154
164
166
170
6
8
12
15
19
23
31
33
34
37
42
47
50
55
69
73
73
78
80
92
103
116
120
125
143
148
151
156
156
163
172
178
1
2
21
30
35
36
44
55
55
58
60
60
61
79
82
86
90
91
95
104
104
104
109
112
115
120
136
138
139
140
142
147
161
166
168
170
176
5
12
30
46
47
47
51
55
72
90
92
99
103
125
131
134
136
140
143
148
152
156
161
161
166
172
173
179
6
15
15
18
18
20
23
24
25
30
34
34
42
44
53
54
60
70
74
77
91
98
108
109
110
111
115
118
123
124
131
139
145
146
147
171
171
178
6
7
14
17
26
26
28
28
30
37
60
66
67
72
74
83
87
91
92
110
114
114
116
122
128
133
133
136
137
139
140
146
158
162
163
166
166
12
13
19
23
24
25
31
45
64
71
81
90
98
102
103
114
115
119
123
133
136
141
142
142
173
178
17
19
23
25
33
36
36
36
60
63
64
81
90
91
93
105
108
116
116
116
121
126
133
138
145
168
170
171
175
177
2
8
8
20
25
27
28
29
30
31
39
46
63
71
85
90
91
97
101
106
115
119
120
7
12
13
15
16
21
25
27
28
33
36
36
45
45
48
49
50
60
61
67
70
81
93
98
104
111
111
122
127
129
130
132
144
145
150
152
153
160
161
164
168
171
174
176
176
2
2
3
14
14
15
19
20
22
28
33
34
35
38
40
52
70
78
78
79
82
82
85
85
86
90
98
99
100
112
120
124
125
132
135
135
136
146
153
153
153
157
159
166
169
173
1
14
21
22
22
23
36
40
40
43
43
53
53
70
79
98
100
103
107
112
114
116
123
127
131
131
134
138
149
158
162
163
173
5
6
16
16
17
23
23
36
39
40
41
48
49
56
66
67
71
82
87
89
90
95
113
116
120
126
132
133
141
142
143
144
144
146
152
157
164
167
168
172
179
1
9
11
24
24
39
42
47
47
59
59
63
68
74
79
96
97
106
107
111
111
113
115
122
123
124
125
125
133
135
136
141
142
143
145
158
159
160
163
163
168
176
176
13
16
39
41
45
47
50
58
74
74
76
83
88
93
95
96
97
104
104
108
110
110
118
121
123
125
133
140
145
154
155
159
169
8
10
18
19
23
27
31
36
37
41
44
54
56
62
68
95
97
98
104
104
119
121
121
124
126
132
133
137
149
150
157
159
164
171
175

11
13
15
15
23
26
34
43
54
79
87
90
104
110
110
111
119
121
127
147
148
152
153
164
3
13
24
31
34
39
42
45
49
59
71
74
99
107
109
118
123
124
125
125
126
128
131
136
140
140
150
151
151
156
156
162
2
2
3
4
9
9
23
24
27
30
31
38
49
50
53
71
93
95
98
121
125
126
145
150
169
177
178
7
10
29
33
37
47
51
54
57
62
69
75
84
84
86
88
93
115
117
134
146
149
150
150
161
169
173
175
176
1
8
10
17
26
33
47
50
55
64
67
67
76
91
96
98
102
103
107
118
123
136
137
155
161
161
162
174
176
25
33
36
48
54
62
76
77
79
80
82
86
93
97
105
121
122
129
143
150
159
161
162
164
166
14
19
35
38
42
45
50
57
75
77
79
15
3
6
17
21
21
30
35
45
48
52
53
54
62
62
74
76
78
80
80
94
108
113
119
126
127
127
131
135
141
145
146
152
153
159
161
164
169
175
178
11
14
16
34
41
46
67
83
87
102
106
113
120
126
126
126
133
139
140
142
151
162
172
177
178
2
3
8
13
19
23
25
40
48
51
54
63
68
82
84
94
100
153
164
176
8
9
13
19
20
22
23
29
32
34
43
46
48
57
71
75
80
83
86
87
99
101
123
125
130
133
134
135
142
152
153
155
155
161
172
178
29
33
40
47
55
61
63
69
76
79
80
86
88
91
98
131
135
139
143
143
144
158
167
170
9
14
15
28
45
49
58
59
71
74
78
81
88
94
108
124
126
129
135
135
139
143
156
156
174
179
2
5
6
8
14
14
15
23
24
31
34
37
40
43
53
59
60
70
71
75
79
84
95
100
106
113
114
117
123
129
138
148
164
166
169
171
175
11
15
26
45
48
51
52
57
61
64
74
76
77
78
79
85
93
94
97
99
103
106
108
110
119
134
140
142
144
148
163
164
168
13
15
16
19
20
27
35
36
50
56
58
72
76
78
98
98
100
111
114
120
125
132
134
135
137
138
148
155
157
161
165
177
11
18
19
21
42
45
46
47
51
58
71
74
78
86
91
95
116
118
126
143
153
153
162
165
173
8
8
20
27
27
42
58
66
73
79
82
82
88
93
96
103
106
108
117
122
128
131
138
141
144
147
149
151
154
160
161
163
169
173
7
12
15
33
36
48
59
63
82
98
99
105
106
122
122
127
130
132
144
145
147
159
161
167
171
173
6
16
18
18
22
26
29
34
37
48
54
61
65
73
78
83
83
84
84
90
97
106
107
115
137
140
145
151
155
162
168
174
179
38
42
42
43
43
49
51
52
56
58
61
64
64
80
81
91
94
98
102
113
119
126
131
138
146
149
158
161
162
163
164
170
177
19
21
23
26
30
36
37
39
41
46
48
51
52
61
65
74
85
93
97
97
97
98
102
109
116
122
124
132
137
138
140
146
152
156
157
167
171
172
173
177
3
3
8
22
25
27
36
37
42
46
47
50
64
70
76
93
95
101
110
120
123
126
127
131
142
153
157
165
166
4
20
26
26
30
48
51
55
57
60
60
62
71
80
80
81
81
92
105
105
108
112
113
119
127
131
132
133
137
138
147
150
157
159
159
167
172
179
6
18
20
21
31
34
50
52
66
67
81
86
94
94
97
124
130
134
150
154
154
159
165
171
175
176
8
41
48
54
55
71
79
81
82
84
94
99
102
103
109
