178
13
43
90
110
111
121
152
176
161
159
144
139
137
107
103
101
57
55
46
38
30
20
17
3
24
31
59
74
107
109
118
123
131
140
150
156
180
178
177
171
161
130
101
97
96
81
80
78
78
77
46
44
27
26
19
14
9
9
23
24
27
38
49
50
71
93
98
121
125
126
169
177
177
174
171
155
139
138
127
116
114
83
80
79
65
31
18
14
11
7
33
51
54
57
69
75
84
86
93
134
150
173
175
167
144
119
104
99
96
82
80
64
37
13
1
10
17
26
50
55
64
67
76
102
103
107
123
136
155
161
161
174
177
172
168
147
144
138
90
87
68
60
55
45
42
41
34
21
10
7
25
33
62
93
105
150
159
166
156
151
146
125
122
112
111
104
99
89
87
79
72
56
50
48
38
28
19
17
17
8
2
50
57
77
79
159
143
135
127
125
116
77
64
42
40
37
33
21
21
30
45
48
52
53
62
62
74
76
80
108
113
131
135
146
152
169
178
160
148
147
113
107
97
95
76
55
46
44
39
21
16
6
11
16
34
41
67
102
120
126
133
139
140
142
151
162
178
179
178
173
142
138
114
106
90
71
66
65
49
39
39
31
15
10
8
23
40
51
54
63
82
180
177
169
166
144
136
111
99
84
79
72
37
30
25
6
20
23
29
32
34
46
71
75
83
86
130
133
134
135
155
155
178
173
156
156
151
151
141
137
130
121
106
106
79
78
63
47
41
37
33
30
22
17
6
29
33
79
98
131
139
143
144
158
167
170
173
171
170
160
121
113
78
75
67
66
66
61
53
49
41
41
41
27
18
13
5
59
71
78
81
108
124
129
135
143
149
