11
13
15
15
23
26
34
43
54
79
87
90
104
110
110
111
119
121
127
147
148
152
153
164
3
13
24
31
34
39
42
45
49
59
71
74
99
107
109
118
123
124
125
125
126
128
131
136
140
140
150
151
151
156
156
162
2
2
3
4
9
9
23
24
27
30
31
38
49
50
53
71
93
95
98
121
125
126
145
150
169
177
178
7
10
29
33
37
47
51
54
57
62
69
75
84
84
86
88
93
115
117
134
146
149
150
150
161
169
173
175
176
1
8
10
17
26
33
47
50
55
64
67
67
76
91
96
98
102
103
107
118
123
136
137
155
161
161
162
174
176
25
33
36
48
54
62
76
77
79
80
82
86
93
97
105
121
122
129
143
150
159
161
162
164
166
14
19
35
38
42
45
50
57
75
77
79
15
3
6
17
21
21
30
35
45
48
52
53
54
62
62
74
76
78
80
80
94
108
113
119
126
127
127
131
135
141
145
146
152
153
159
161
164
169
175
178
11
14
16
34
41
46
67
83
87
102
106
113
120
126
126
126
133
139
140
142
151
162
172
177
178
2
3
8
13
19
23
25
40
48
51
54
63
68
82
84
94
100
153
164
176
8
9
13
19
20
22
23
29
32
34
43
46
48
57
71
75
80
83
86
87
99
101
123
125
130
133
134
135
142
152
153
155
155
161
172
178
29
33
40
47
55
61
63
69
76
79
80
86
88
91
98
131
135
139
143
143
144
158
167
170
9
14
15
28
45
49
58
59
71
74
78
81
88
94
108
124
126
129
135
135
139
143
156
156
174
179
