13
23
23
42
60
68
76
83
88
98
110
112
116
121
128
144
144
149
152
158
161
164
179
156
151
140
139
125
114
100
90
89
86
83
75
61
34
16
12
12
10
8
3
7
7
9
9
10
16
18
40
47
51
62
70
70
81
85
97
114
122
132
136
137
143
146
148
152
154
157
158
160
163
167
171
165
162
161
160
159
159
157
155
153
153
151
149
137
132
124
123
121
119
112
109
104
87
58
43
36
33
30
16
5
10
32
36
40
47
50
52
54
62
76
79
80
85
87
95
100
105
128
136
138
139
145
148
150
159
161
165
169
169
172
135
131
113
101
89
84
78
75
71
61
54
52
44
38
23
22
15
11
9
8
3
6
8
24
50
74
81
88
90
98
98
101
107
109
120
120

4
10
13
22
23
30
32
35
38
42
67
76
95
98
114
122
129
131
131
139
147
148
149
157
174
171
164
162
144
144
142
140
131
125
112
99
96
94
88
78
77
64
55
45
42
30
24
24
22
11
7
6
2
3
24
37
62
72
74
76
80
81
99
115
121
122
133
138
139
140
140
147
148
149
153
159
163
170
176
180
175
175
173
156
155
154
152
149
146
143
141
139
136
130
130
125
125
122
122
113
98
84
81
71
59
58
53
46
37
34
32
22
15
3
20
34
35
41
41
55
57
60
82
85
102
125
136
138
142
143
145
151
156
162
171
173
163
150
148
141
137
125
121
117
113
107
106
103
99
92
76
70
59
46
30
28
21
18
14
12
8
3
18
38
42
48
48
62
74
90
95
114
114
121
125
133
141
143
148
154
162
175
174
167
160
157
153
148
138
134
116
116
106
99
82
77
77
72
61
51
50
43
22
22
21
9
2
1
14
39
42
43
50
61
90
106
107
109
111
123
131

178
176
176
13
15
43
79
90
104
110
111
121
127
152
176
161
159
152
149
144
139
137
112
107
103
101
81
75
63
57
55
54
53
46
38
30
30
23
20
17
3
13
24
31
39
42
59
74
99
107
109
118
123
124
125
131
136
140
140
150
151
151
156
180
178
177
171
161
141
138
130
108
101
97
96
81
80
78
78
77
65
46
44
35
27
26
23
19
14
2
9
9
23
24
27
30
31
38
49
50
53
71
93
95
98
121
125
126
169
177
177
174
171
155
149
139
138
127
118
117
116
114
97
83
80
79
72
65
64
47
43
31
18
14
11
7
33
47
51
54
57
62
69
75
84
86
88
93
134
146
149
150
169
173
175
167
165
144
136
119
104
99
96
88
84
82
80
72
64
57
55
40
37
13
4
1
8
10
17
26
50
55
64
67
67
76
98
102
103
107
118
123
136
137
155
161
161
174
176
177
176
172
168
154
147
144
138
116
90
88
87
68
66
65
60
55
45
45
42
41
34
30
21
10
9
7
6
25
33
36
48
54
62
79
82
93
105
121
122
129
150
159
161
162
166
174
172
160
156
155
151
146
137
129
125
122
112
111
104
99
89
87
79
78
72
56
50
48
38
28
24
19
17
17
8
2
14
35
38
42
50
57
77
79
159
155
152
149
143
135
132
128
127
127
125
116
102
99
77
67
64
64
42
40
37
33
26
7
6
6
17
21
21
30
35
45
48
52
53
54
62
62
74
76
78
80
80
108
113
119
127
131
135
145
146
152
153
159
169
178
163
160
155
153
148
147
122
113
107
97
95
82
76
67
58
55
46
44
39
21
16
15
10
6
11
14
16
34
41
46
67
83
102
120
126
133
139
140
142
151
162
178
179
178
173
166
154
142
138
132
122
114
106
98
97
90
89
71
66
65
49
42
40
39
39
35
31
21
15
13
10
2
8
13
23
40
51
54
63
68
82
84
100
153
164
180
177
169
166
154
152
144
137
136
126
111
99
90
84
79
72
67
56
37
30
27
25
6
9
20
23
29
32
34
46
48
71
75
80
83
86
87
99
125
130
133
134
135
155
155
161
178
173
156
156
151
151
150
149
141
137
135
130
126
121
106
106
83
82
79
78
63
56
47
45
41
40
37
34
33
30
22
17
6
5
29
33
63
76
79
80
86
88
98
131
139
143
143
144
158
167
170
179
173
171
171
170
160
124
121
113
88
78
75
75
71
67
66
66
61
54
53
49
43
41
41
41
33
27
26
18
13
9
5
14
28
49
58
59
71
78
81
88
108
124
129
135
143
156
174
180
173
162
156
152
149

178
176
176
13
15
43
79
90
104
110
111
121
127
152
176
161
159
152
149
144
139
137
112
107
103
101
81
75
63
57
55
54
53
46
38
30
30
23
20
17
3
13
24
31
39
42
59
74
99
107
109
118
123
124
125
131
136
140
140
150
151
151
156
180
178
177
171
161
141
138
130
108
101
97
96
81
80
78
78
77
65
46
44
35
27
26
23
19
14
2
9
9
23
24
27
30
31
38
49
50
53
71
93
95
98
121
125
126
169
177
177
174
171
155
149
139
138
127
118
117
116
114
97
83
80
79
72
65
64
47
43
31
18
14
11
7
33
47
51
54
57
62
69
75
84
86
88
93
134
146
149
150
169
173
175
167
165
144
136
119
104
99
96
88
84
82
80
72
64
57
55
40
37
13
4
1
8
10
17
26
50
55
64
67
67
76
98
102
103
107
118
123
136
137
155
161
161
174
176
177
176
172
168
154
147
144
138
116
90
88
87
68
66
65
60
55
45
45
42
41
34
30
21
10
9
7
6
25
33
36
48
54
62
79
82
93
105
121
122
129
150
159
161
162
166
174
172
160
156
155
151
146
137
129
125
122
112
111
104
99
89
87
79
78
72
56
50
48
38
28
24
19
17
17
8
2
14
35
38
42
50
57
77
79
159
155
152
149
143
135
132
128
127
127
125
116
102
99
77
67
64
64
42
40
37
33
26
7
6
6
17
21
21
30
35
45
48
52
53
54
62
62
74
76
78
80
80
108
113
119
127
131
135
145
146
152
153
159
169
178
163
160
155
153
148
147
122
113
107
97
95
82
76
67
58
55
46
44
39
21
16
15
10
6
11
14
16
34
41
46
67
83
102
120
126
133
139
140
142
151
162
178
179
178
173
166
154
142
138
132
122
114
106
98
97
90
89
71
66
65
49
42
40
39
39
35
31
21
15
13
10
2
8
13
23
40
51
54
63
68
82
84
100
153
164
180
177
169
166
154
152
144
137
136
126
111
99
90
84
79
72
67
56
37
30
27
25
6
9
20
23
29
32
34
46
48
71
75
80
83
86
87
99
125
130
133
134
135
155
155
161
178
173
156
156
151
151
150
149
141
137
135
130
126
121
106
106
83
82
79
78
63
56
47
45
41
40
37
34
33
30
22
17
6
5
29
33
63
76
79
80
86
88
98
131
139
143
143
144
158
167
170
179
173
171
171
170
160
124
121
113
88
78
75
75
71
67
66
66
61
54
53
49
43
41
41
41
33
27
26
18
13
9
5
14
28
49
58
59
71
78
81
88
108
124
129
135
143
156
174
180
173
162
156
152
149
2
5
6
8
14
14
15
23
24
31
37
43
53
59
60
70
71
75
79
84
95
100
106
113
114
123
129
138
148
164
166
175
171
159
149
145
143
143
142
140
123
114
102
102
100
99
92
81
81
73
71
68
67
58
52
35
31
31
20
17
14
11
26
48
51
52
57
61
74
76
77
78
85
94
97
99
106
110
119
134
140
142
144
148
163
178
173
172
171
169
162
152
148
146
117
115
103
98
94
92
77
70
69
55
48
28
26
5
2
13
15
16
19
20
27
36
50
56
58
76
78
98
98
111
114
120
132
134
135
137
138
148
155
161
165
177
180
172
167
162
160
153
146
126
122
119
115
114
99
94
92
88
78
75
74
72
67
48
45
43
39
11
11
18
21
42
45
46
47
58
71
74
78
86
116
118
165
173
167
167
163
152
143
140
131
129
128
126
123
119
114
109
102
100
93
78
71
71
69
59
58
47
45
30
17
8
4
20
27
27
58
66
73
79
82
82
93
96
103
106
108
117
131
138
141
144
147
151
154
160
161
169
171
167
159
155
154
154
151
132
122
118
110
105
89
77
76
65
64
63
38
24
12
5
7
12
15
33
36
48
63
82
99
105
106
122
122
127
130
132
145
147
159
161
167
171
173
171
168
167
149
143
134
132
131
125
124
114
108
102
99
92
87
86
79
72
63
46
39
34
29
24
17
15
3
6
16
18
22
26
34
48
54
84
90
97
106
107
115
140
145
151
155
162
168
174
179
176
175
165
160
157
153
151
115
111
110
89
84
84
80
75
73
69
68
61
57
56
56
52
23
18
16
10
4
38
42
42
43
49
52
56
61
64
80
91
94
98
102
113
119
131
138
146
149
158
161
162
163
170
159
158
138
136
126
122
114
99
95
89
88
64
61
59
57
45
45
43
40
31
29
20
20
15
7
7
6
19
23
36
37
39
46
52
61
65
74
85
97
97
97
102
109
122
132
137
138
140
146
156
157
167
172
173
177
177
173
163
162
159
153
143
141
138
130
129
119
115
100
96
91
80
49
44
40
39
21
19
14
8
3
8
25
27
36
37
46
47
50
64
70
76
93
95
110
120
123
126
127
131
142
153
157
177
164
163
159
123
115
95
73
71
64
59
44
34
29
25
23
18
10
8
7
3
4
20
26
26
30
48
51
55
60
62
71
80
80
81
81
105
112
113
119
127
133
138
150
157
159
159
167
172
179
180
170
166
163
161
147
140
132

13
23
23
42
60
68
76
83
88
98
110
112
116
121
128
144
144
149
152
158
161
164
179
156
151
140
139
125
114
100
90
89
86
83
75
61
34
16
12
12
10
8
3
7
7
9
9
10
16
18
40
47
51
62
70
70
81
85
97
114
122
132
136
137
143
146
148
152
154
157
158
160
163
167
171
165
162
161
160
159
159
157
155
153
153
151
149
137
132
124
123
121
119
112
109
104
87
58
43
36
33
30
16
5
10
32
36
40
47
50
52
54
62
76
79
80
85
87
95
100
105
128
136
138
139
145
148
150
159
161
165
169
169
172
135
131
113
101
89
84
78
75
71
61
54
52
44
38
23
22
15
11
9
8
3
6
8
24
50
74
81
88
90
98
98
101
107
109
120
120
4
11
22
29
33
36
37
39
41
43
44
45
46
48
52
52
54
58
60
81
85
86
111
113
124
133
141
147
160
160
170
172
174
177
178
173
170
166
162
155
138
131
123
99
99
99
94
86
85
82
75
70
69
68
66
62
51
48
46
38
31
27
22
21
17
16
9
1
16
20
20
23
25
33
34
47
48
62
71
71
73
76
81
82
84
98
101
103
104
105
106
111
118
122
127
133
135
137
147
155
161
170
178
178
155
152
152
142
140
127
126
117
85
79
68
59
57
47
42
38
16
11
1
7
21
21
41
60
63
64
72
73
86
94
95
98
105
122
123
131
131
140
140
169
163
157
142
129
128
121
120
120
116
115
90
87
84
80
79
79
76
66
58
57
51
46
30
28
27
6
7
13
16
22
22
43
57
71
71
81
85
85
91
99
99
101
104
106
110
112
113
130
133
139
142
148
152
152
157
159
162
170
176
167
163
159
154
150
149
141
138
115
114
112
109
107
106
82
70
69
62
62
43
43
36
27
10
8
18
32
36
42
45
50
50
61
63
65
73
80
91
99
102
107
114
1
6
6
10
11
13
24
45
86
86
88
108
117
120
135
138
140
170
172
174
175
166
161
160
137
137
133
116
97
96
95
76
71
58
54
46
46
42
35
18
16
1
12
12
54
54
69
70
75
93
98
120
122
127
154
164
166
170
180
170
169
167
166
164
147
136
135
117
102
95
86
84
69
50
48
44
40
33
29
25
23
18
14
6
15
19
31
33
34
42
47
50
55
69
73
73
78
80
92
103
116
120
125
143
148
151
156
156
163
172
178
167
157
156
156
155
144
144
138
135
129
111
108
108
104
92
86
82
81
79
78
72
59
57
52
51
48
46
42
41
35
19
21
36
44
55
58
60
61
82
86
90
91
95
104
104
104
109
112
115
120
139
147
168
170
176
161
160
150
149
140
137
113
112
92
91
86
84
80
77
65
64
61
59
59
53
52
47
41
32
27
26
15
15
12
30
46
47
47
72
90
92
99
134
136
140
152
156
161
161
166
172
173
156
155
151
151
147
146
141
140
134
125
113
101
100
100
82
69
54
52
47
42
26
26
25
24
12
6
15
15
18
18
20
25
34
42
53
54
60
74
91
98
109
110
115
118
123
124
131
139
145
146
147
178
171
168
167
156
155
152
142
132
132
125
113
97
94
89
89
70
59
46
20
20
17
14
8
6
4
6
7
14
17
26
26
28
28
30
37
60
72
74
87
110
114
116
122
133
133
136
137
139
146
158
163
166
166
179
167
161
156
154
150
149
149
130
108
102
81
65
63
59
57
57
54
45
38
36
12
13
19
23
24
31
71
81
90
98
103
114
115
119
136
141
142
142
173
178
174
165
163
163
157
142
136
105
86
80
78
17
19
23
25
33
36
60
63
81
90
91
93
105
108
116
116
121
126
133
138
145
168
170
177
173
164
164
143
140
135
130
122
87
82
74
69
66
64
51
47
30
29
28
26
2
8
20
25
27
28
29
30
31
39
46
63
71
90
91
97
101
106
115
120
7
13
15
16
25
27
28
33
36
36
45
48
49
50
61
70
81
98
104
111
111
122
127
129
130
132
145
150
152
153
160
164
174
176
180
149
143
141
141
140
139
136
134
133
131
120
110
110
104
97
96
77
51
48
41
32
25
2
2
3
14
14
15
20
22
33
35
38
70
78
79
82
85
85
86
90
99
112
120
124
125
132
135
146
153
153
153
159
166
169
173
172
165
159
154
149
146
135
129
128
124
123
94
67
66
59
57
56
49
40
36
33
16
4
3
1
14
23
36
40
40
43
53
53
98
100
103
107
112
114
116
123
127
131
131
134
163
173
179
179
166
153
149
146
139
134
129
119
117
111
106
105
99
97
89
89
85
70
48
46
43
37
32
30
30
26
26
20
19
5
16
17
23
23
36
40
56
67
71
82
87
89
95
113
116
132
133
142
144
144
157
164
167
168
172
179
179
174
163
154
151
148
145
142
123
120
115
104
86
71
71
65
62
58
37
23
19
14
1
11
24
24
39
42
47
47
59
59
63
68
79
96
97
106
107
111
113
115
125
125
133
141
142
143
145
158
160
163
163
168
176
176
172
165
162
148
147
144
125
105
103
100
99
91
85
84
83
77
76
68
44
22
16
13
16
39
41
45
47
50
74
74
88
93
95
97
104
104
108
110
118
123
125
133
140
145
154
159
169
178
171
169
149
134
125
113
108
105
97
96
94
85
82
82
78
66
62
59
59
56
49
45
45
45
34
25
24
8
18
23
31
37
41
44
54
56
68
95
98
104
104
119
121
126
133
137
149
164
168
163
162
161
159
151
147
142

178
176
176
13
15
43
79
90
104
110
111
121
127
152
176
161
159
152
149
144
139
137
112
107
103
101
81
75
63
57
55
54
53
46
38
30
30
23
20
17
3
13
24
31
39
42
59
74
99
107
109
118
123
124
125
131
136
140
140
150
151
151
156
180
178
177
171
161
141
138
130
108
101
97
96
81
80
78
78
77
65
46
44
35
27
26
23
19
14
2
9
9
23
24
27
30
31
38
49
50
53
71
93
95
98
121
125
126
169
177
177
174
171
155
149
139
138
127
118
117
116
114
97
83
80
79
72
65
64
47
43
31
18
14
11
7
33
47
51
54
57
62
69
75
84
86
88
93
134
146
149
150
169
173
175
167
165
144
136
119
104
99
96
88
84
82
80
72
64
57
55
40
37
13
4
1
8
10
17
26
50
55
64
67
67
76
98
102
103
107
118
123
136
137
155
161
161
174
176
177
176
172
168
154
147
144
138
116
90
88
87
68
66
65
60
55
45
45
42
41
34
30
21
10
9
7
6
25
33
36
48
54
62
79
82
93
105
121
122
129
150
159
161
162
166
174
172
160
156
155
151
146
137
129
125
122
112
111
104
99
89
87
79
78
72
56
50
48
38
28
24
19
17
17
8
2
14
35
38
42
50
57
77
79
159
155
152
149
143
135
132
128
127
127
125
116
102
99
77
67
64
64
42
40
37
33
26
7
6
6
17
21
21
30
35
45
48
52
53
54
62
62
74
76
78
80
80
108
113
119
127
131
135
145
146
152
153
159
169
178
163
160
155
153
148
147
122
113
107
97
95
82
76
67
58
55
46
44
39
21
16
15
10
6
11
14
16
34
41
46
67
83
102
120
126
133
139
140
142
151
162
178
179
178
173
166
154
142
138
132
122
114
106
98
97
90
89
71
66
65
49
42
40
39
39
35
31
21
15
13
10
2
8
13
23
40
51
54
63
68
82
84
100
153
164
180
177
169
166
154
152
144
137
136
126
111
99
90
84
79
72
67
56
37
30
27
25
6
9
20
23
29
32
34
46
48
71
75
80
83
86
87
99
125
130
133
134
135
155
155
161
178
173
156
156
151
151
150
149
141
137
135
130
126
121
106
106
83
82
79
78
63
56
47
45
41
40
37
34
33
30
22
17
6
5
29
33
63
76
79
80
86
88
98
131
139
143
143
144
158
167
170
179
173
171
171
170
160
124
121
113
88
78
75
75
71
67
66
66
61
54
53
49
43
41
41
41
33
27
26
18
13
9
5
14
28
49
58
59
71
78
81
88
108
124
129
135
143
156
174
180
173
162
156
152
149
2
5
6
8
14
14
15
23
24
31
37
43
53
59
60
70
71
75
79
84
95
100
106
113
114
123
129
138
148
164
166
175
171
159
149
145
143
143
142
140
123
114
102
102
100
99
92
81
81
73
71
68
67
58
52
35
31
31
20
17
14
11
26
48
51
52
57
61
74
76
77
78
85
94
97
99
106
110
119
134
140
142
144
148
163
178
173
172
171
169
162
152
148
146
117
115
103
98
94
92
77
70
69
55
48
28
26
5
2
13
15
16
19
20
27
36
50
56
58
76
78
98
98
111
114
120
132
134
135
137
138
148
155
161
165
177
180
172
167
162
160
153
146
126
122
119
115
114
99
94
92
88
78
75
74
72
67
48
45
43
39
11
11
18
21
42
45
46
47
58
71
74
78
86
116
118
165
173
167
167
163
152
143
140
131
129
128
126
123
119
114
109
102
100
93
78
71
71
69
59
58
47
45
30
17
8
4
20
27
27
58
66
73
79
82
82
93
96
103
106
108
117
131
138
141
144
147
151
154
160
161
169
171
167
159
155
154
154
151
132
122
118
110
105
89
77
76
65
64
63
38
24
12
5
7
12
15
33
36
48
63
82
99
105
106
122
122
127
130
132
145
147
159
161
167
171
173
171
168
167
149
143
134
132
131
125
124
114
108
102
99
92
87
86
79
72
63
46
39
34
29
24
17
15
3
6
16
18
22
26
34
48
54
84
90
97
106
107
115
140
145
151
155
162
168
174
179
176
175
165
160
157
153
151
115
111
110
89
84
84
80
75
73
69
68
61
57
56
56
52
23
18
16
10
4
38
42
42
43
49
52
56
61
64
80
91
94
98
102
113
119
131
138
146
149
158
161
162
163
170
159
158
138
136
126
122
114
99
95
89
88
64
61
59
57
45
45
43
40
31
29
20
20
15
7
7
6
19
23
36
37
39
46
52
61
65
74
85
97
97
97
102
109
122
132
137
138
140
146
156
157
167
172
173
177
177
173
163
162
159
153
143
141
138
130
129
119
115
100
96
91
80
49
44
40
39
21
19
14
8
3
8
25
27
36
37
46
47
50
64
70
76
93
95
110
120
123
126
127
131
142
153
157
177
164
163
159
123
115
95
73
71
64
59
44
34
29
25
23
18
10
8
7
3
4
20
26
26
30
48
51
55
60
62
71
80
80
81
81
105
112
113
119
127
133
138
150
157
159
159
167
172
179
180
170
166
163
161
147
140
132
132
132
132
132
132
132
132
132
132
132
132
132
132
132
132
132
132
132
132
132
132
132
132
132
132
20
21
31
50
52
66
67
81
86
94
97
124
130
134
150
175
176
174
167
146
141
137
126
119
108
107
97
94
93
83
81
68
61
52
41
11
8
41
48
54
55
71
79
84
94
99
102
103
109

2
25
39
44
45
50
50
53
62
65
77
82
91
92
97
104
111
116
120
123
126
147
152
161
163
166
176
177
164
153
148
146
139
130
120
115
115
110
92
79
70
41
25
16
15
14
14
3
5
20
21
23
26
32
35
36
44
54
55
73
83
92
93
93
107
113
117
118
123
126
132
135
146
149
160
163
166
167
175
165
162
162
146
144
142
141
138
126
122
114
111
103
100
89
83
71
67
57
55
49
44
40
32
31
20
15
15
8
5
3
9
10
15
20
37
38
49
54
64
68
76
77
87
89
90
91
95
97
110
121
122
128
135
138
140
149
166
180
174
159
152
151
143
135
134
121
106
105
88
78
74
74
73
68
59
57
57
47
45
30
17
12
4
10
45
48
71
73
79
113
116
124
131
133
135
135
136
146
149
153
158
171
170
168
143
133
130
121
118
106
103
97
88
87
85
78
78
68
58
52
50
50
45
42
33
30
6
12
16
20
25
27
30
47
54
73
93
96
101
110
116
120
121
122
122
125
134
136
142
152
161
175
170
170
164
157
155
147
135
118
111
111
106
86
76
69
69
57
56
32
25
16
8
2
4
7
11
26
27
32
38
40
44
53
78
82
117
121
124
124
130
131
132
137
143
144
159
162
164
169
179
178
176
171
158
136
125
121
118
112
98
92
89
81
78
72
72
69
63
60
52
47
46
43
26
25
23
2
14
18
21
22
26
38
50
50
53
59
61
62
62
64
73
78
84
94
99
103
106
118
120
122
124
125
127
136
136
137
137
140
141
145
146
148
149
165
169
152
152
150
148
145
127
124
123
117
115
113
112
110
94
91
78
76
73
68
64
53
28
10
13
22
24
33
36
42
47
66
72
104
105
106
108
112
142
176
179
178
164
147
142
142
125
124
121
115
108
96
92
67
64
53
44
26
15
15
14
6
14
19
23
25
30
32
35
35
41
53
56
63
64
67
72
84
86
98
99
103
110
115
121
134
137
149
156
158
165
171
178
167
159
138
112
111
108
104
97
93
64
60
59
17
17
16
13
7
2
6
8
9
15
15
32
37
44
46
60
64
70
74
84
84
106
111
111
121
122
123
126
130
138
138
147
155
160
161
162
169
180
166
163
147
147
143
125
110
105
101
90
77
70
68
65
65
64
53
43
36
34
20
16
14
6
5
3
1
2
6
13
34
43
46
47
51
55
56
61
65
82
84
86
86
95
104
105
118
125
130
137
145
148
148
149
154
155
158
179
177
154
148
146
142
141
126
122
117
106
101
98
93
84
58
47
43
34
28
28
10
5
8
26
35
36
37
43
47
48
54
61
62
64
69
80
81
101
107
112
116
122
130
137
150
165
174
171
171
162
160
157
139
135
132
130
118
103
91
87
80
78
73
58
54
50
43
43
36
35
31
29
25
20
16
14
13
13
7
9
28
36
42
47
53
58
80
86
88
91
96
99
101
102
106
111
112
114
126
147
154
159
160
168
172
179
174
162
160
158
140
134
91
90
86
67
64
61
50
46
38
33
28
2
11
20
32
53
113
117
118
121
126
142
147
150
164
172
174
175
177
179
169
168
157
152
142
137
131
130
128
120
119
116
109
105
98
89
75
70
67
50
37
33

32
22
146
150
179
95
121
124
170
85
11
137
71
13
60
12
54
43
37
7
71
162
167
73
172
152
145
61
57
6
147
168
165
107
7
93
114
157
4
158
180
153
147
164
126
19
54
6
38
151
126
114
87
169
137
176
159
89
50
30
28
164
56
32
17
13

9
20
25
26
34
56
61
72
88
91
95
110
122
123
130
131
140
144
145
170
167
164
159
159
149
146
138
132
116
94
94
85
84
75
64
57
55
54
53
53
51
47
47
46
19
18
18
15
12
8
8
9
15
19
31
32
33
37
67
72
77
80
81
83
86
92
94
115
121
122
128
139
140
144
153
161
165
172
177
171
153
131
130
125
125
122
120
118
115
112
111
103
102
100
87
80
63
57
50
44
38
36
34
32
28
26
10
1
15
21
32
38
41
42
45
47
52
55
56
57
72
86
88
99
100
102
118
118
129
139
143
148
150
161
163
164
164
166
173
173
170
164
159
157
156
156
148
136
134
129
125
122
122
122
114
96
88
84
84
82
70
70
65
63
47
47
45
42
41
38
31
31
30
24
21
11
5
7
26
27
45
49
54
63
63
67
72
102
106
116
117
131
131
147
149
159
161
171
171
175
180
179
175
173
169
164
137
133
132
131
118
117
108
107
102
100
98
96
73
71
67
49
41
30
17
16
2
4
15
18
29
33
37
44
53
59
60
61
64
67
73
93
93
97
107
113
116
129
131
137
143
145
163
164
173
173
174
179
177
175
173
170
160
155
138
129
122
122
115
110
85
84
80
79
63
62
42
35
33
32
24
21
16
14
13
3
2
21
58
64
75
76
77
77
104
104
110
121
126
130
140
145
146
147
157
161
163
167
169
169
178
176
156
143
136
134
131
130
129
109
101
100
98
94
91
74
74
64
48
45
44
41
39
29
26
15
5
5
11
17
19
21
27
61
101
84
36
88
92
138
99
11
64
48
150
136
155
180
95
139
67
2
149
17
106
69
144
98
141
159
2
166
