167
156
151
151
140
139
138
134
125
114
109
107
107
100
97
90
89
86
83
75
65
61
34
16
12
12
10
8
174
172
169
165
162
161
160
159
159
157
155
153
153
151
149
137
132
124
123
121
119
112
111
109
104
101
87
86
61
58
45
45
43
36
36
34
33
30
29
16
5
151
136
135
133
131
113
111
101
95
89
84
78
75
71
61
54
52
51
44
38
23
22
15
13
13
11
9
8
3

174
171
164
162
160
156
151
144
144
142
141
140
134
131
125
125
116
112
112
99
96
96
94
88
78
77
64
55
49
45
42
30
24
24
22
11
7
6
180
175
175
173
165
156
155
154
152
149
146
143
141
139
136
132
130
130
125
125
122
122
113
98
89
84
81
77
75
71
59
59
58
53
46
40
37
34
32
29
24
22
15
173
163
150
148
141
137
137
125
121
117
117
113
107
106
103
99
92
76
70
65
59
46
30
28
21
18
14
12
8
6
174
167
160
157
156
153
148
144
138
134
122
118
116
116
106
99
82
81
77
77
72
61
51
50
48
43
22
22
21
21
9
2

178
176
176
176
176
176
161
160
159
152
149
148
144
139
137
114
112
110
107
103
101
91
86
81
77
76
75
63
57
55
54
53
46
44
38
30
30
23
20
17
17
180
178
177
171
161
144
141
138
138
134
130
127
121
108
106
105
101
97
96
81
80
79
78
78
77
68
65
64
54
46
44
35
31
27
26
23
19
14
5
177
174
171
155
149
139
138
127
118
117
116
114
97
83
80
79
72
65
64
63
47
43
42
31
21
18
14
11
11
167
165
165
164
144
136
129
128
122
121
119
110
104
99
98
96
88
84
82
81
80
72
64
59
57
55
54
46
40
37
23
13
4
177
176
172
168
164
154
147
144
144
138
123
116
109
104
95
95
90
88
87
70
68
66
65
60
55
45
45
42
41
40
39
34
30
21
12
10
9
7
6
176
174
172
167
160
156
155
154
151
146
137
129
125
122
112
111
104
99
89
87
79
78
75
72
56
50
48
38
28
24
19
17
17
8
2
166
159
155
152
149
143
135
132
130
128
127
127
125
116
115
102
99
77
67
64
64
55
42
40
37
33
26
17
9
8
7
6
163
160
155
153
148
147
143
124
122
121
113
113
107
98
97
95
85
82
81
76
74
67
58
55
49
46
44
39
33
21
16
15
10
6
179
178
173
168
166
154
146
142
138
132
125
122
114
110
106
103
99
98
97
96
90
89
86
80
71
66
65
49
42
40
40
39
39
35
31
21
15
13
13
10
180
177
169
166
164
154
152
144
137
136
136
126
111
99
90
84
79
72
72
69
67
65
56
48
43
37
31
30
27
25
6
173
156
156
153
151
151
151
150
149
145
142
141
137
135
130
130
129
126
121
113
111
111
106
106
97
86
83
82
82
79
78
63
63
56
47
47
45
41
40
37
34
33
30
23
22
17
6
5
179
173
171
171
170
160
145
143
124
123
121
120
115
113
88
87
78
75
75
71
67
66
66
66
61
54
53
49
43
41
41
41
35
34
33
28
27
26
18
13
10
9
8
5
5
180
173
168
162
156
152
149

178
176
176
176
176
176
161
160
159
152
149
148
144
139
137
114
112
110
107
103
101
91
86
81
77
76
75
63
57
55
54
53
46
44
38
30
30
23
20
17
17
180
178
177
171
161
144
141
138
138
134
130
127
121
108
106
105
101
97
96
81
80
79
78
78
77
68
65
64
54
46
44
35
31
27
26
23
19
14
5
177
174
171
155
149
139
138
127
118
117
116
114
97
83
80
79
72
65
64
63
47
43
42
31
21
18
14
11
11
167
165
165
164
144
136
129
128
122
121
119
110
104
99
98
96
88
84
82
81
80
72
64
59
57
55
54
46
40
37
23
13
4
177
176
172
168
164
154
147
144
144
138
123
116
109
104
95
95
90
88
87
70
68
66
65
60
55
45
45
42
41
40
39
34
30
21
12
10
9
7
6
176
174
172
167
160
156
155
154
151
146
137
129
125
122
112
111
104
99
89
87
79
78
75
72
56
50
48
38
28
24
19
17
17
8
2
166
159
155
152
149
143
135
132
130
128
127
127
125
116
115
102
99
77
67
64
64
55
42
40
37
33
26
17
9
8
7
6
163
160
155
153
148
147
143
124
122
121
113
113
107
98
97
95
85
82
81
76
74
67
58
55
49
46
44
39
33
21
16
15
10
6
179
178
173
168
166
154
146
142
138
132
125
122
114
110
106
103
99
98
97
96
90
89
86
80
71
66
65
49
42
40
40
39
39
35
31
21
15
13
13
10
180
177
169
166
164
154
152
144
137
136
136
126
111
99
90
84
79
72
72
69
67
65
56
48
43
37
31
30
27
25
6
173
156
156
153
151
151
151
150
149
145
142
141
137
135
130
130
129
126
121
113
111
111
106
106
97
86
83
82
82
79
78
63
63
56
47
47
45
41
40
37
34
33
30
23
22
17
6
5
179
173
171
171
170
160
145
143
124
123
121
120
115
113
88
87
78
75
75
71
67
66
66
66
61
54
53
49
43
41
41
41
35
34
33
28
27
26
18
13
10
9
8
5
5
180
173
168
162
156
152
149
171
169
159
149
145
143
143
142
140
138
123
122
120
116
114
102
102
100
99
92
81
81
79
73
71
68
67
61
59
58
53
52
45
43
39
35
35
31
31
20
17
14
8
4
178
173
172
171
169
162
158
152
148
146
117
115
103
98
94
92
91
77
70
69
64
55
48
32
28
26
25
5
2
180
172
167
162
160
153
146
134
131
126
125
122
119
115
114
99
94
92
88
86
78
75
74
72
71
67
48
45
43
42
39
18
11
6
179
167
167
163
152
143
140
133
131
129
128
126
123
119
114
109
104
102
100
93
84
78
71
71
69
59
58
47
45
32
30
17
10
8
4
176
171
167
159
155
155
154
154
151
143
135
132
122
119
118
110
105
90
89
77
76
65
65
64
63
63
47
38
35
24
12
5
171
171
168
167
149
143
134
132
131
125
125
124
118
114
114
112
108
102
99
92
87
86
79
78
72
63
46
40
40
39
34
32
30
29
24
17
15
13
3
176
175
175
169
165
160
157
153
151
147
143
138
135
115
111
110
89
84
84
80
75
73
70
69
68
68
61
57
56
56
52
45
23
18
16
10
4
176
171
162
159
158
155
155
138
136
126
123
122
119
116
115
114
99
95
89
88
73
71
64
61
59
58
57
45
45
43
40
31
29
20
20
15
7
7
6
177
173
172
163
162
159
153
143
141
140
138
130
129
128
119
116
115
108
100
96
91
80
74
52
49
44
40
40
39
21
20
19
18
17
16
14
8
179
177
164
163
159
151
149
123
120
115
95
81
81
73
71
67
64
59
44
34
29
25
23
18
10
9
8
7
3
180
171
170
166
163
161
147
140
136
132

167
156
151
151
140
139
138
134
125
114
109
107
107
100
97
90
89
86
83
75
65
61
34
16
12
12
10
8
174
172
169
165
162
161
160
159
159
157
155
153
153
151
149
137
132
124
123
121
119
112
111
109
104
101
87
86
61
58
45
45
43
36
36
34
33
30
29
16
5
151
136
135
133
131
113
111
101
95
89
84
78
75
71
61
54
52
51
44
38
23
22
15
13
13
11
9
8
3
178
173
170
166
162
155
138
131
130
123
99
99
99
94
86
85
82
75
71
70
69
68
66
65
62
51
48
46
43
38
31
27
23
22
22
21
18
17
16
9
175
165
160
155
152
152
148
144
142
140
127
126
122
117
85
79
76
72
71
68
61
59
57
47
43
42
38
28
16
16
12
11
2
2
163
163
157
145
142
131
129
128
125
124
121
120
120
116
115
112
90
87
84
80
79
79
76
66
66
58
57
51
49
46
42
30
28
27
7
6
175
171
167
167
163
159
154
150
149
141
138
138
137
115
114
112
109
107
106
92
82
82
78
70
69
69
67
62
62
60
43
43
36
27
25
10
175
174
173
166
161
160
148
145
137
137
133
116
106
97
96
95
93
86
76
71
58
54
46
46
42
35
18
16
180
170
169
167
166
164
159
155
147
136
135
128
121
117
114
102
98
95
90
86
84
72
69
55
50
48
44
44
40
33
29
25
23
18
14
167
164
157
156
156
155
153
144
144
143
138
136
135
129
124
111
108
108
104
98
98
92
86
84
82
82
81
79
79
78
72
59
57
52
52
51
48
46
43
42
41
35
33
30
19
164
161
160
150
149
143
140
139
137
120
113
112
98
92
91
86
84
80
77
65
64
61
59
59
53
52
49
47
42
41
32
28
27
26
15
15
177
169
164
161
157
156
155
151
151
147
147
146
141
140
137
134
125
113
101
100
100
97
82
69
63
54
52
52
51
47
42
26
26
25
24
12
9
171
168
167
156
155
152
142
132
132
125
113
97
97
94
89
89
83
80
70
67
62
59
47
46
39
20
20
18
17
14
12
8
6
4
179
167
161
159
156
154
150
149
149
143
143
130
108
102
91
81
79
70
65
63
62
59
57
57
54
52
45
38
36
25
15
3
175
174
169
165
163
163
157
142
136
132
129
118
105
101
89
86
80
78
173
172
164
164
163
145
143
140
135
130
122
101
87
82
74
71
69
66
64
51
51
47
30
29
28
26
18
18
180
176
157
149
143
142
141
141
140
139
136
134
133
131
123
122
120
110
110
104
97
96
96
90
77
52
51
49
48
41
32
25
172
165
159
154
149
146
142
135
129
128
124
123
107
99
94
67
66
59
57
56
56
54
49
40
40
36
33
16
13
11
4
3
179
179
170
166
153
149
147
146
139
137
135
134
130
129
119
117
117
114
111
106
105
99
97
97
89
89
85
71
70
60
48
46
43
37
34
32
30
30
30
26
26
20
19
16
179
174
163
159
154
152
151
148
145
142
138
138
135
131
123
120
115
104
90
86
71
71
68
65
62
58
38
37
23
19
14
176
172
165
162
153
148
147
144
134
130
125
105
103
100
99
91
85
84
83
77
76
68
66
64
59
52
49
44
22
16
178
171
169
149
134
125
113
108
105
105
97
96
94
90
85
82
82
78
69
66
66
62
59
59
56
49
45
45
45
34
25
25
24
168
163
162
161
159
151
151
150
147
142
141

178
176
176
176
176
176
161
160
159
152
149
148
144
139
137
114
112
110
107
103
101
91
86
81
77
76
75
63
57
55
54
53
46
44
38
30
30
23
20
17
17
180
178
177
171
161
144
141
138
138
134
130
127
121
108
106
105
101
97
96
81
80
79
78
78
77
68
65
64
54
46
44
35
31
27
26
23
19
14
5
177
174
171
155
149
139
138
127
118
117
116
114
97
83
80
79
72
65
64
63
47
43
42
31
21
18
14
11
11
167
165
165
164
144
136
129
128
122
121
119
110
104
99
98
96
88
84
82
81
80
72
64
59
57
55
54
46
40
37
23
13
4
177
176
172
168
164
154
147
144
144
138
123
116
109
104
95
95
90
88
87
70
68
66
65
60
55
45
45
42
41
40
39
34
30
21
12
10
9
7
6
176
174
172
167
160
156
155
154
151
146
137
129
125
122
112
111
104
99
89
87
79
78
75
72
56
50
48
38
28
24
19
17
17
8
2
166
159
155
152
149
143
135
132
130
128
127
127
125
116
115
102
99
77
67
64
64
55
42
40
37
33
26
17
9
8
7
6
163
160
155
153
148
147
143
124
122
121
113
113
107
98
97
95
85
82
81
76
74
67
58
55
49
46
44
39
33
21
16
15
10
6
179
178
173
168
166
154
146
142
138
132
125
122
114
110
106
103
99
98
97
96
90
89
86
80
71
66
65
49
42
40
40
39
39
35
31
21
15
13
13
10
180
177
169
166
164
154
152
144
137
136
136
126
111
99
90
84
79
72
72
69
67
65
56
48
43
37
31
30
27
25
6
173
156
156
153
151
151
151
150
149
145
142
141
137
135
130
130
129
126
121
113
111
111
106
106
97
86
83
82
82
79
78
63
63
56
47
47
45
41
40
37
34
33
30
23
22
17
6
5
179
173
171
171
170
160
145
143
124
123
121
120
115
113
88
87
78
75
75
71
67
66
66
66
61
54
53
49
43
41
41
41
35
34
33
28
27
26
18
13
10
9
8
5
5
180
173
168
162
156
152
149
171
169
159
149
145
143
143
142
140
138
123
122
120
116
114
102
102
100
99
92
81
81
79
73
71
68
67
61
59
58
53
52
45
43
39
35
35
31
31
20
17
14
8
4
178
173
172
171
169
162
158
152
148
146
117
115
103
98
94
92
91
77
70
69
64
55
48
32
28
26
25
5
2
180
172
167
162
160
153
146
134
131
126
125
122
119
115
114
99
94
92
88
86
78
75
74
72
71
67
48
45
43
42
39
18
11
6
179
167
167
163
152
143
140
133
131
129
128
126
123
119
114
109
104
102
100
93
84
78
71
71
69
59
58
47
45
32
30
17
10
8
4
176
171
167
159
155
155
154
154
151
143
135
132
122
119
118
110
105
90
89
77
76
65
65
64
63
63
47
38
35
24
12
5
171
171
168
167
149
143
134
132
131
125
125
124
118
114
114
112
108
102
99
92
87
86
79
78
72
63
46
40
40
39
34
32
30
29
24
17
15
13
3
176
175
175
169
165
160
157
153
151
147
143
138
135
115
111
110
89
84
84
80
75
73
70
69
68
68
61
57
56
56
52
45
23
18
16
10
4
176
171
162
159
158
155
155
138
136
126
123
122
119
116
115
114
99
95
89
88
73
71
64
61
59
58
57
45
45
43
40
31
29
20
20
15
7
7
6
177
173
172
163
162
159
153
143
141
140
138
130
129
128
119
116
115
108
100
96
91
80
74
52
49
44
40
40
39
21
20
19
18
17
16
14
8
179
177
164
163
159
151
149
123
120
115
95
81
81
73
71
67
64
59
44
34
29
25
23
18
10
9
8
7
3
180
171
170
166
163
161
147
140
136
132
132
132
132
132
132
132
132
132
132
132
132
132
132
132
132
132
132
132
132
132
132
132
132
132
132
132
132
132
132
132
132
132
132
132
174
170
167
156
146
141
141
137
126
124
119
108
107
97
94
93
83
81
68
61
59
52
43
41
33
23
11
7
