13
23
42
60
68
88
98
112
121
144
149
158
161
164
179
156
151
139
125
100
83
75
61
34
16
12
10
8
7
7
9
16
18
40
70
85
114
122
132
136
148
152
157
158
160
163
167
171
162
161
160
159
157
155
153
151
149
132
121
109
87
36
30
16
5
36
40
47
54
62
76
79
80
100
128
136
138
139
145
148
150
159
161
169
169
135
131
113
101
78
75
44
38
23
15
9
8
6
8
50
74
81
90
98
98
101
107
109
120
120

4
10
22
23
30
32
35
38
67
76
114
129
131
131
139
147
149
157
171
164
162
144
142
140
131
125
112
99
94
88
78
77
64
55
45
42
30
24
24
11
6
2
3
37
62
76
80
81
99
115
122
138
139
140
140
147
148
149
153
159
176
180
175
175
156
155
152
149
143
141
139
136
130
130
125
125
122
122
113
84
81
59
58
53
34
32
20
34
57
138
142
143
145
151
156
173
163
150
148
141
125
121
117
113
107
103
99
92
70
46
30
28
18
14
12
8
3
18
42
62
74
90
95
114
133
143
148
162
175
167
157
153
148
138
116
99
82
77
77
72
61
51
50
43
21
2
14
39
42
90
106
107
109
123
131
