13
23
23
42
60
68
76
83
88
98
110
112
116
121
128
144
144
149
152
158
161
164
179
156
151
140
139
125
114
100
90
89
86
83
75
61
34
16
12
12
10
8
3
7
7
9
9
10
16
18
40
47
51
62
70
70
81
85
97
114
122
132
136
137
143
146
148
152
154
157
158
160
163
167
171
165
162
161
160
159
159
157
155
153
153
151
149
137
132
124
123
121
119
112
109
104
87
58
43
36
33
30
16
5
10
32
36
40
47
50
52
54
62
76
79
80
85
87
95
100
105
128
136
138
139
145
148
150
159
161
165
169
169
172
135
131
113
101
89
84
78
75
71
61
54
52
44
38
23
22
15
11
9
8
3
6
8
24
50
74
81
88
90
98
98
101
107
109
120
120

4
10
13
22
23
30
32
35
38
42
67
76
95
98
114
122
129
131
131
139
147
148
149
157
174
171
164
162
144
144
142
140
131
125
112
99
96
94
88
78
77
64
55
45
42
30
24
24
22
11
7
6
2
3
24
37
62
72
74
76
80
81
99
115
121
122
133
138
139
140
140
147
148
149
153
159
163
170
176
180
175
175
173
156
155
154
152
149
146
143
141
139
136
130
130
125
125
122
122
113
98
84
81
71
59
58
53
46
37
34
32
22
15
3
20
34
35
41
41
55
57
60
82
85
102
125
136
138
142
143
145
151
156
162
171
173
163
150
148
141
137
125
121
117
113
107
106
103
99
92
76
70
59
46
30
28
21
18
14
12
8
3
18
38
42
48
48
62
74
90
95
114
114
121
125
133
141
143
148
154
162
175
174
167
160
157
153
148
138
134
116
116
106
99
82
77
77
72
61
51
50
43
22
22
21
9
2
1
14
39
42
43
50
61
90
106
107
109
111
123
131
