11
11
13
23
42
50
60
64
68
88
94
98
98
112
121
127
131
144
149
154
158
161
164
179
167
156
151
151
139
138
134
125
109
107
107
100
97
83
75
65
61
34
16
12
10
8
7
7
9
10
16
18
23
24
31
34
40
40
70
85
88
93
114
116
118
122
122
132
136
148
152
157
158
160
163
167
171
172
174
172
169
162
161
160
159
157
155
153
151
149
132
121
111
109
101
87
86
61
45
45
36
36
34
30
29
16
5
36
40
47
52
54
56
62
68
76
79
80
81
100
113
128
136
138
139
145
148
150
155
156
159
161
165
169
169
151
136
135
133
131
113
111
101
95
78
75
51
44
38
23
15
13
13
9
8
5
6
8
29
50
74
81
90
98
98
101
107
109
120
120

4
10
14
22
23
24
30
32
35
38
45
66
67
67
76
79
114
117
118
129
130
131
131
139
147
149
157
165
173
176
171
164
162
160
156
151
144
142
141
140
134
131
125
125
116
112
112
99
96
94
88
78
77
64
55
49
45
42
30
24
24
11
6
2
3
9
9
10
37
61
62
63
76
80
81
99
115
122
132
135
138
139
140
140
147
148
149
152
153
153
159
176
180
175
175
165
156
155
152
149
143
141
139
136
132
130
130
125
125
122
122
113
89
84
81
77
75
59
59
58
53
40
34
32
29
24
18
20
34
57
99
129
138
142
143
145
151
156
171
173
163
150
148
141
137
125
121
117
117
113
107
103
99
92
70
65
46
30
28
18
14
12
8
6
3
8
18
42
60
62
74
87
90
95
114
121
131
133
143
148
162
170
175
167
157
156
153
148
144
138
122
118
116
99
82
81
77
77
72
61
51
50
48
43
21
21
2
7
14
24
39
42
54
54
90
106
107
109
112
122
123
128
130
131

178
176
11
13
15
23
26
34
43
54
87
90
110
110
111
119
121
147
148
152
153
164
176
176
161
160
159
148
144
139
137
114
110
107
103
101
91
86
77
76
57
55
46
44
38
30
20
17
17
3
24
31
34
45
49
59
71
74
107
109
118
123
125
126
128
131
140
150
156
156
162
180
178
177
171
161
144
138
134
130
127
121
106
105
101
97
96
81
80
79
78
78
77
68
64
54
46
44
31
27
26
19
14
5
2
3
4
9
9
23
24
27
38
49
50
71
93
98
121
125
126
145
150
169
177
178
177
174
171
155
139
138
127
116
114
83
80
79
65
63
42
31
21
18
14
11
11
7
10
29
33
37
51
54
57
69
75
84
84
86
93
115
117
134
150
150
161
173
175
176
167
165
164
144
129
128
122
121
119
110
104
99
98
96
82
81
80
64
59
54
46
37
23
13
1
10
17
26
33
47
50
55
64
67
76
91
96
102
103
107
123
136
155
161
161
162
174
177
172
168
164
147
144
144
138
123
109
104
95
95
90
87
70
68
60
55
45
42
41
40
39
34
21
12
10
7
25
33
62
76
77
80
86
93
97
105
143
150
159
164
166
176
167
156
154
151
146
125
122
112
111
104
99
89
87
79
75
72
56
50
48
38
28
19
17
17
8
2
19
45
50
57
75
77
79
15
166
159
143
135
130
127
125
116
115
77
64
55
42
40
37
33
17
9
8
3
21
21
30
45
48
52
53
62
62
74
76
80
94
108
113
126
127
131
135
141
146
152
161
164
169
175
178
160
148
147
143
124
121
113
113
107
98
97
95
85
81
76
74
55
49
46
44
39
33
21
16
6
11
16
34
41
67
87
102
106
113
120
126
126
126
133
139
140
142
151
162
172
177
178
179
178
173
168
146
142
138
125
114
110
106
103
99
96
90
86
80
71
66
65
49
40
39
39
31
15
13
10
3
8
19
23
25
40
48
51
54
63
82
94
176
180
177
169
166
164
144
136
136
111
99
84
79
72
72
69
65
48
43
37
31
30
25
6
8
13
19
20
22
23
29
32
34
43
46
57
71
75
83
86
101
123
130
133
134
135
142
152
153
155
155
172
178
173
156
156
153
151
151
151
145
142
141
137
130
130
129
121
113
111
111
106
106
97
86
82
79
78
63
63
47
47
41
37
33
30
23
22
17
6
29
33
40
47
55
61
69
79
91
98
131
135
139
143
144
158
167
170
173
171
170
160
145
143
123
121
120
115
113
87
78
75
67
66
66
66
61
53
49
41
41
41
35
34
28
27
18
13
10
8
5
5
9
15
45
59
71
74
78
81
94
108
124
126
129
135
135
139
143
156
179
168
149

178
176
11
13
15
23
26
34
43
54
87
90
110
110
111
119
121
147
148
152
153
164
176
176
161
160
159
148
144
139
137
114
110
107
103
101
91
86
77
76
57
55
46
44
38
30
20
17
17
3
24
31
34
45
49
59
71
74
107
109
118
123
125
126
128
131
140
150
156
156
162
180
178
177
171
161
144
138
134
130
127
121
106
105
101
97
96
81
80
79
78
78
77
68
64
54
46
44
31
27
26
19
14
5
2
3
4
9
9
23
24
27
38
49
50
71
93
98
121
125
126
145
150
169
177
178
177
174
171
155
139
138
127
116
114
83
80
79
65
63
42
31
21
18
14
11
11
7
10
29
33
37
51
54
57
69
75
84
84
86
93
115
117
134
150
150
161
173
175
176
167
165
164
144
129
128
122
121
119
110
104
99
98
96
82
81
80
64
59
54
46
37
23
13
1
10
17
26
33
47
50
55
64
67
76
91
96
102
103
107
123
136
155
161
161
162
174
177
172
168
164
147
144
144
138
123
109
104
95
95
90
87
70
68
60
55
45
42
41
40
39
34
21
12
10
7
25
33
62
76
77
80
86
93
97
105
143
150
159
164
166
176
167
156
154
151
146
125
122
112
111
104
99
89
87
79
75
72
56
50
48
38
28
19
17
17
8
2
19
45
50
57
75
77
79
15
166
159
143
135
130
127
125
116
115
77
64
55
42
40
37
33
17
9
8
3
21
21
30
45
48
52
53
62
62
74
76
80
94
108
113
126
127
131
135
141
146
152
161
164
169
175
178
160
148
147
143
124
121
113
113
107
98
97
95
85
81
76
74
55
49
46
44
39
33
21
16
6
11
16
34
41
67
87
102
106
113
120
126
126
126
133
139
140
142
151
162
172
177
178
179
178
173
168
146
142
138
125
114
110
106
103
99
96
90
86
80
71
66
65
49
40
39
39
31
15
13
10
3
8
19
23
25
40
48
51
54
63
82
94
176
180
177
169
166
164
144
136
136
111
99
84
79
72
72
69
65
48
43
37
31
30
25
6
8
13
19
20
22
23
29
32
34
43
46
57
71
75
83
86
101
123
130
133
134
135
142
152
153
155
155
172
178
173
156
156
153
151
151
151
145
142
141
137
130
130
129
121
113
111
111
106
106
97
86
82
79
78
63
63
47
47
41
37
33
30
23
22
17
6
29
33
40
47
55
61
69
79
91
98
131
135
139
143
144
158
167
170
173
171
170
160
145
143
123
121
120
115
113
87
78
75
67
66
66
66
61
53
49
41
41
41
35
34
28
27
18
13
10
8
5
5
9
15
45
59
71
74
78
81
94
108
124
126
129
135
135
139
143
156
179
168
149
2
6
14
23
24
34
37
40
43
59
60
79
95
100
114
117
123
129
164
166
169
171
171
169
159
143
140
138
123
122
120
116
114
102
100
81
81
79
73
71
68
67
61
59
58
53
52
45
43
39
35
35
31
20
17
8
4
11
15
26
45
48
51
52
64
76
78
79
93
99
103
106
108
110
119
140
142
148
163
164
168
173
172
171
169
162
158
152
117
103
98
94
92
91
70
69
64
55
32
26
25
5
15
16
19
35
36
50
58
72
98
100
125
132
134
135
138
148
157
161
165
177
172
162
153
134
131
125
122
99
86
78
75
74
71
48
45
42
39
18
6
11
18
19
42
45
51
58
74
78
91
95
116
118
126
143
153
153
162
165
173
179
152
133
131
129
128
126
119
104
102
100
93
84
71
71
69
59
47
32
10
4
8
8
27
42
58
66
73
82
82
88
93
96
108
117
122
128
141
144
147
149
154
163
169
173
176
167
159
155
154
151
143
135
119
118
110
90
89
76
65
65
63
63
47
38
35
24
12
5
12
33
48
59
63
82
98
106
122
127
132
144
159
161
167
171
171
171
168
167
134
132
131
125
118
114
112
108
102
92
87
78
72
63
40
40
32
30
29
24
13
3
18
18
22
29
37
54
61
65
73
78
83
83
84
84
106
107
115
137
140
145
151
155
162
168
175
169
165
157
153
147
143
138
135
115
111
89
80
73
70
69
68
68
61
56
56
45
16
4
43
43
49
51
52
58
64
64
81
91
94
126
131
146
158
161
162
163
164
170
177
176
171
162
155
155
126
123
122
119
116
115
95
73
71
64
59
58
57
45
43
31
15
7
6
19
21
26
30
36
37
39
41
46
48
51
52
61
65
85
93
97
97
98
102
109
116
122
124
132
137
138
140
146
152
156
157
167
171
173
177
177
173
172
163
162
153
143
140
130
128
116
108
96
80
74
52
44
40
39
20
18
17
16
14
3
3
8
22
25
27
36
37
42
47
50
76
101
123
127
142
153
157
165
166
179
177
163
151
149
123
120
115
81
81
73
71
67
64
59
44
29
25
23
10
9
8
3
4
30
55
57
60
62
71
80
80
81
92
105
105
108
112
113
131
132
137
147
150
157
159
172
179
180
171
170
163
161
136
132
