13
23
23
42
60
68
76
83
88
98
110
112
116
121
128
144
144
149
152
158
161
164
179
156
151
140
139
125
114
100
90
89
86
83
75
61
34
16
12
12
10
8
3
7
7
9
9
10
16
18
40
47
51
62
70
70
81
85
97
114
122
132
136
137
143
146
148
152
154
157
158
160
163
167
171
165
162
161
160
159
159
157
155
153
153
151
149
137
132
124
123
121
119
112
109
104
87
58
43
36
33
30
16
5
10
32
36
40
47
50
52
54
62
76
79
80
85
87
95
100
105
128
136
138
139
145
148
150
159
161
165
169
169
172
135
131
113
101
89
84
78
75
71
61
54
52
44
38
23
22
15
11
9
8
3
6
8
24
50
74
81
88
90
98
98
101
107
109
120
120

4
10
13
22
23
30
32
35
38
42
67
76
95
98
114
122
129
131
131
139
147
148
149
157
174
171
164
162
144
144
142
140
131
125
112
99
96
94
88
78
77
64
55
45
42
30
24
24
22
11
7
6
2
3
24
37
62
72
74
76
80
81
99
115
121
122
133
138
139
140
140
147
148
149
153
159
163
170
176
180
175
175
173
156
155
154
152
149
146
143
141
139
136
130
130
125
125
122
122
113
98
84
81
71
59
58
53
46
37
34
32
22
15
3
20
34
35
41
41
55
57
60
82
85
102
125
136
138
142
143
145
151
156
162
171
173
163
150
148
141
137
125
121
117
113
107
106
103
99
92
76
70
59
46
30
28
21
18
14
12
8
3
18
38
42
48
48
62
74
90
95
114
114
121
125
133
141
143
148
154
162
175
174
167
160
157
153
148
138
134
116
116
106
99
82
77
77
72
61
51
50
43
22
22
21
9
2
1
14
39
42
43
50
61
90
106
107
109
111
123
131

178
176
176
13
15
43
79
90
104
110
111
121
127
152
176
161
159
152
149
144
139
137
112
107
103
101
81
75
63
57
55
54
53
46
38
30
30
23
20
17
3
13
24
31
39
42
59
74
99
107
109
118
123
124
125
131
136
140
140
150
151
151
156
180
178
177
171
161
141
138
130
108
101
97
96
81
80
78
78
77
65
46
44
35
27
26
23
19
14
2
9
9
23
24
27
30
31
38
49
50
53
71
93
95
98
121
125
126
169
177
177
174
171
155
149
139
138
127
118
117
116
114
97
83
80
79
72
65
64
47
43
31
18
14
11
7
33
47
51
54
57
62
69
75
84
86
88
93
134
146
149
150
169
173
175
167
165
144
136
119
104
99
96
88
84
82
80
72
64
57
55
40
37
13
4
1
8
10
17
26
50
55
64
67
67
76
98
102
103
107
118
123
136
137
155
161
161
174
176
177
176
172
168
154
147
144
138
116
90
88
87
68
66
65
60
55
45
45
42
41
34
30
21
10
9
7
6
25
33
36
48
54
62
79
82
93
105
121
122
129
150
159
161
162
166
174
172
160
156
155
151
146
137
129
125
122
112
111
104
99
89
87
79
78
72
56
50
48
38
28
24
19
17
17
8
2
14
35
38
42
50
57
77
79
159
155
152
149
143
135
132
128
127
127
125
116
102
99
77
67
64
64
42
40
37
33
26
7
6
6
17
21
21
30
35
45
48
52
53
54
62
62
74
76
78
80
80
108
113
119
127
131
135
145
146
152
153
159
169
178
163
160
155
153
148
147
122
113
107
97
95
82
76
67
58
55
46
44
39
21
16
15
10
6
11
14
16
34
41
46
67
83
102
120
126
133
139
140
142
151
162
178
179
178
173
166
154
142
138
132
122
114
106
98
97
90
89
71
66
65
49
42
40
39
39
35
31
21
15
13
10
2
8
13
23
40
51
54
63
68
82
84
100
153
164
180
177
169
166
154
152
144
137
136
126
111
99
90
84
79
72
67
56
37
30
27
25
6
9
20
23
29
32
34
46
48
71
75
80
83
86
87
99
125
130
133
134
135
155
155
161
178
173
156
156
151
151
150
149
141
137
135
130
126
121
106
106
83
82
79
78
63
56
47
45
41
40
37
34
33
30
22
17
6
5
29
33
63
76
79
80
86
88
98
131
139
143
143
144
158
167
170
179
173
171
171
170
160
124
121
113
88
78
75
75
71
67
66
66
61
54
53
49
43
41
41
41
33
27
26
18
13
9
5
14
28
49
58
59
71
78
81
88
108
124
129
135
143
156
174
180
173
162
156
152
149

178
176
176
13
15
43
79
90
104
110
111
121
127
152
176
161
159
152
149
144
139
137
112
107
103
101
81
75
63
57
55
54
53
46
38
30
30
23
20
17
3
13
24
31
39
42
59
74
99
107
109
118
123
124
125
131
136
140
140
150
151
151
156
180
178
177
171
161
141
138
130
108
101
97
96
81
80
78
78
77
65
46
44
35
27
26
23
19
14
2
9
9
23
24
27
30
31
38
49
50
53
71
93
95
98
121
125
126
169
177
177
174
171
155
149
139
138
127
118
117
116
114
97
83
80
79
72
65
64
47
43
31
18
14
11
7
33
47
51
54
57
62
69
75
84
86
88
93
134
146
149
150
169
173
175
167
165
144
136
119
104
99
96
88
84
82
80
72
64
57
55
40
37
13
4
1
8
10
17
26
50
55
64
67
67
76
98
102
103
107
118
123
136
137
155
161
161
174
176
177
176
172
168
154
147
144
138
116
90
88
87
68
66
65
60
55
45
45
42
41
34
30
21
10
9
7
6
25
33
36
48
54
62
79
82
93
105
121
122
129
150
159
161
162
166
174
172
160
156
155
151
146
137
129
125
122
112
111
104
99
89
87
79
78
72
56
50
48
38
28
24
19
17
17
8
2
14
35
38
42
50
57
77
79
159
155
152
149
143
135
132
128
127
127
125
116
102
99
77
67
64
64
42
40
37
33
26
7
6
6
17
21
21
30
35
45
48
52
53
54
62
62
74
76
78
80
80
108
113
119
127
131
135
145
146
152
153
159
169
178
163
160
155
153
148
147
122
113
107
97
95
82
76
67
58
55
46
44
39
21
16
15
10
6
11
14
16
34
41
46
67
83
102
120
126
133
139
140
142
151
162
178
179
178
173
166
154
142
138
132
122
114
106
98
97
90
89
71
66
65
49
42
40
39
39
35
31
21
15
13
10
2
8
13
23
40
51
54
63
68
82
84
100
153
164
180
177
169
166
154
152
144
137
136
126
111
99
90
84
79
72
67
56
37
30
27
25
6
9
20
23
29
32
34
46
48
71
75
80
83
86
87
99
125
130
133
134
135
155
155
161
178
173
156
156
151
151
150
149
141
137
135
130
126
121
106
106
83
82
79
78
63
56
47
45
41
40
37
34
33
30
22
17
6
5
29
33
63
76
79
80
86
88
98
131
139
143
143
144
158
167
170
179
173
171
171
170
160
124
121
113
88
78
75
75
71
67
66
66
61
54
53
49
43
41
41
41
33
27
26
18
13
9
5
14
28
49
58
59
71
78
81
88
108
124
129
135
143
156
174
180
173
162
156
152
149
2
5
6
8
14
14
15
23
24
31
37
43
53
59
60
70
71
75
79
84
95
100
106
113
114
123
129
138
148
164
166
175
171
159
149
145
143
143
142
140
123
114
102
102
100
99
92
81
81
73
71
68
67
58
52
35
31
31
20
17
14
11
26
48
51
52
57
61
74
76
77
78
85
94
97
99
106
110
119
134
140
142
144
148
163
178
173
172
171
169
162
152
148
146
117
115
103
98
94
92
77
70
69
55
48
28
26
5
2
13
15
16
19
20
27
36
50
56
58
76
78
98
98
111
114
120
132
134
135
137
138
148
155
161
165
177
180
172
167
162
160
153
146
126
122
119
115
114
99
94
92
88
78
75
74
72
67
48
45
43
39
11
11
18
21
42
45
46
47
58
71
74
78
86
116
118
165
173
167
167
163
152
143
140
131
129
128
126
123
119
114
109
102
100
93
78
71
71
69
59
58
47
45
30
17
8
4
20
27
27
58
66
73
79
82
82
93
96
103
106
108
117
131
138
141
144
147
151
154
160
161
169
171
167
159
155
154
154
151
132
122
118
110
105
89
77
76
65
64
63
38
24
12
5
7
12
15
33
36
48
63
82
99
105
106
122
122
127
130
132
145
147
159
161
167
171
173
171
168
167
149
143
134
132
131
125
124
114
108
102
99
92
87
86
79
72
63
46
39
34
29
24
17
15
3
6
16
18
22
26
34
48
54
84
90
97
106
107
115
140
145
151
155
162
168
174
179
176
175
165
160
157
153
151
115
111
110
89
84
84
80
75
73
69
68
61
57
56
56
52
23
18
16
10
4
38
42
42
43
49
52
56
61
64
80
91
94
98
102
113
119
131
138
146
149
158
161
162
163
170
159
158
138
136
126
122
114
99
95
89
88
64
61
59
57
45
45
43
40
31
29
20
20
15
7
7
6
19
23
36
37
39
46
52
61
65
74
85
97
97
97
102
109
122
132
137
138
140
146
156
157
167
172
173
177
177
173
163
162
159
153
143
141
138
130
129
119
115
100
96
91
80
49
44
40
39
21
19
14
8
3
8
25
27
36
37
46
47
50
64
70
76
93
95
110
120
123
126
127
131
142
153
157
177
164
163
159
123
115
95
73
71
64
59
44
34
29
25
23
18
10
8
7
3
4
20
26
26
30
48
51
55
60
62
71
80
80
81
81
105
112
113
119
127
133
138
150
157
159
159
167
172
179
180
170
166
163
161
147
140
132
