169
158
140
122
115
95
85
72
63
41
35
26
24
21
7
24
29
41
54
79
95
103
117
143
160
164
166
169
174
174
172
166
163
142
113
98
69
61
52
48
37
32
28
27
24
21
17
14
17
18
19
20
22
24
26
28
31
47
58
69
90
141
147
160
171
146
141
135
128
121
107
104
103
83
56
49
46
46
39
37
35
26
24
16
16
44
48
65
76
99
102
133
138
154
162
167
168
175
173
133
108
102
93
85
85
83
77
74
64
64
178
171
159
159
152
150
147
144
116
107
69
55
53
53
45
38
36
28
9
15
17
35
37
39
48
54
66
79
84
90
100
100
114
122
132
135
146
152
152
165
170
179
178
145
120
107
103
101
85
68
62
46
45
44
44
37
37
35
31
26
9
0
5
5
23
25
28
30
37
38
40
43
49
49
53
53
57
57
65
94
97
118
119
124
143
144
161
148
126
46
42
41
39
33
29
7
17
29
31
38
54
57
61
65
71
75
79
86
107
131
147
148
158
162
164
167
178
163
140
120
109
93
88
69
51
41
36
23
10
13
22
27
31
41
63
80
96
101
101
106
117
126
128
134
155
174
167
143
139
93
78
77
75
61
53
0
2
168
139
93
73
73
63
33
3
18
21
35
40
42
72
75
78
121
122
132
139
147
156
159
178
157
151
124
108
76
74
65
61
53
43
34
29
0
2
3
9
19
49
77
81
83
97
98
100
100
101
131
133
150
150
158
162
172
172
159
158
155
144
133
132
111
90
85
63
59
58
16
9
3
6
9
24
40
41
52
62
64
94
97
99
112
145
158
162
165
174
148
131
128
125
113
107
99
97
90
50
34
11
10
13
35
59
75
80
82
96
98
113
140
163
180
172
165
155
132
127
118
115
107
82
80
76
60
48
29
23
23
11
3
8
12
32
36
41
88
91
110
118
123
132
135
136
143
156
167
169
157
149
120
90
79
34
26
19
23
29
33
54
57
67
68
75
80
89
91
99
106
121
127
129
139
149
158
159
159
168
174
132
126
106
104
3
20
36
44
52
54
63
101
113
136
137
140
144
161
161
152
137
134
130
129
121
120
109
107
103
76
71
53
49
39
32
16
7
20
32
32
65
71
81
83
102
122
131
133
137
155
161
170
170
165
148
141
115
81
64
58
51
45
44
43
33
22
7
1
2
7
37
41
65
73
88
106
111
113
128
138
138
145
162
166
173
159
142
132
128
120
102
0
3
11
14
35
43
67
79
94
99
105
140
146
151
170
161
158
152
150
147
136
112
108
100
97
54
51
50
49
30
30
6
7
23
24
28
28
38
42
48
58
72
72
99
99
115
130
136
139
144
147
154
160
170
153
149
103
85
53
45
42
41
27
18
15
7
9
10
19
57
66
100
103
111
111
112
116
124
128
136
136
136
150
158
164
172
123
112
104
101
75
59
55
48
41
31
2
168
139
93
73
73
63
33
3
18
21
35
40
42
72
75
78
121
122
132
139
147
156
159
178
157
151
124
108
76
74
65
61
53
43
34
29
0
2
3
9
19
49
77
81
83
97
98
100
100
101
131
133
150
150
158
162
172
172
159
158
155
144
133
132
111
90
85
63
59
58
16
9
3
6
9
24
40
41
52
62
64
94
97
99
112
145
158
162
165
174
148
131
128
125
113
107
99
97
90
50
34
11
10
13
35
59
75
80
82
96
98
113
140
163
180
172
165
155
132
127
118
115
107
82
80
76
60
48
29
23
23
11
3
8
12
32
36
41
88
91
110
118
123
132
135
136
143
156
167
169
157
149
120
90
79
34
26
19
23
29
33
54
57
67
68
75
80
89
91
99
106
121
127
129
139
149
158
159
159
168
174
132
126
106
104
3
20
36
44
52
54
63
101
113
136
137
140
144
161
161
152
137
134
130
129
121
120
109
107
103
76
71
53
49
39
32
16
7
20
32
32
65
71
81
83
102
122
131
133
137
155
161
170
170
165
148
141
115
81
64
58
51
45
44
43
33
22
7
1
2
7
37
41
65
73
88
106
111
113
128
138
138
145
162
166
173
159
142
132
128
120
102
0
3
11
14
35
43
67
79
94
99
105
140
146
151
170
161
158
152
150
147
136
112
108
100
97
54
51
50
49
30
30
6
7
23
24
28
28
38
42
48
58
72
72
99
99
115
130
136
139
144
147
154
160
170
153
149
103
85
53
45
42
41
27
18
15
7
9
10
19
57
66
100
103
111
111
112
116
124
128
136
136
136
150
158
164
172
123
112
104
101
75
59
55
48
41
31
179
175
168
159
158
145
139
123
123
103
89
83
70
61
55
20
19
9
20
36
39
56
65
77
79
97
97
105
107
110
110
119
125
142
146
156
159
170
154
133
130
129
106
104
83
76
73
63
43
41
35
20
7
7
9
10
17
28
62
75
80
84
86
107
108
122
150
171
166
165
163
146
132
124
85
53
51
50
46
36
23
20
8
8
17
27
57
79
100
102
104
129
132
138
170
164
139
137
124
108
105
67
66
20
12
27
48
50
51
53
60
77
78
85
106
107
109
118
130
173
155
125
116
110
101
101
91
87
75
67
43
40
37
31
16
13
21
25
29
61
69
89
101
113
114
139
152
164
171
169
149
134
120
101
78
62
57
52
26
24
18
14
9
12
12
45
47
48
70
76
86
91
106
115
148
153
173
162
159
127
98
76
75
67
43
38
33
28
21
15
15
22
26
64
67
89
97
104
108
109
116
121
121
160
172
138
133
130
118
92
89
53
38
27
24
22
22
14
53
57
83
114
118
120
132
134
146
161
169
170
162
145
145
142
136
130
121
117
98
86
86
81
74
62
52
46
45
43
38
28
27
17
11
7
3
7
17
17
26
36
50
82
98
134
138
163
178
173
157
155
145
145
135
132
107
61
57
42
32
28
3
16
56
63
104
107
113
118
133
147
151
154
166
169
173
177
152
128
121
111
103
103
102
78
71
71
34
28
25
13
6
0
10
16
18
47
169
158
140
122
115
95
85
72
63
41
35
26
24
21
7
24
29
41
54
79
95
103
117
143
160
164
166
169
174
174
172
166
163
142
113
98
69
61
52
48
37
32
28
27
24
21
17
14
17
18
19
20
22
24
26
28
31
47
58
69
90
141
147
160
171
146
141
135
128
121
107
104
103
83
56
49
46
46
39
37
35
26
24
16
16
44
48
65
76
99
102
133
138
154
162
167
168
175
173
133
108
102
93
85
85
83
77
74
64
64
160
153
149
143
138
136
134
131
130
128
124
102
97
70
51
43
37
25
24
15
13
11
8
2
6
14
18
24
48
55
79
79
93
102
111
115
125
129
131
139
145
149
154
155
159
160
180
165
158
148
148
134
134
112
109
106
101
100
85
82
79
77
72
61
57
49
47
37
29
23
6
6
28
37
53
62
99
118
130
134
139
160
180
160
141
109
97
89
62
60
53
52
17
37
50
51
58
59
63
64
88
94
97
98
99
119
120
126
130
146
148
170
168
166
159
125
112
102
98
92
84
79
77
73
51
42
36
32
27
25
23
15
9
20
26
30
64
65
95
107
115
116
134
134
141
149
173
150
145
139
122
119
110
92
84
82
77
70
175
175
171
168
157
98
97
68
46
45
16
11
5
14
19
42
42
46
62
81
83
102
106
123
131
131
142
180
170
170
128
113
108
90
86
62
58
11
13
16
43
44
76
83
92
109
128
137
144
154
162
162
148
140
135
128
114
110
104
91
80
64
59
41
36
29
7
23
24
44
49
67
70
74
85
91
96
97
98
118
125
129
134
136
142
161
127
124
121
101
97
92
88
80
79
72
64
45
17
15
9
18
29
42
65
86
93
100
112
114
116
118
119
125
130
135
149
151
161
162
169
135
111
92
48
44
32
28
24
18
12
23
24
29
32
34
38
39
45
54
79
109
126
130
135
151
153
165
175
167
166
164
164
161
156
148
129
128
122
109
85
75
68
65
61
53
45
39
38
7
12
13
24
37
47
54
65
82
89
107
157
160
163
168
155
154
153
152
111
109
97
74
70
68
62
51
51
48
47
46
38
22
19
13
18
23
25
29
30
30
48
76
97
112
115
120
121
132
141
163
158
101
93
85
80
69
69
64
43
42
42
11
6
17
22
37
73
92
159
157
145
122
119
102
93
91
76
68
68
63
58
46
39
8
16
36
39
44
49
57
91
108
111
126
129
147
179
161
156
152
152
143
120
92
82
68
64
174
166
165
157
155
153
146
145
134
133
112
102
85
72
53
39
34
24
20
36
38
39
40
43
45
48
59
69
69
81
82
127
129
136
152
179
179
167
167
161
148
147
144
113
105
104
100
98
93
84
63
59
52
38
32
25
18
16
9
22
31
34
46
51
52
57
111
113
119
122
130
138
145
173
174
180
158
139
129
129
86
84
81
77
72
70
68
61
58
54
54
51
22
12
1
13
27
31
34
40
50
59
79
81
89
89
92
108
129
131
134
140
145
147
147
151
151
156
157
159
146
142
126
115
101
96
93
88
70
67
52
51
42
40
28
17
12
6
6
31
59
92
107
107
112
115
119
139
157
162
180
157
143
140
135
123
104
86
77
77
73
71
69
59
59
43
43
42
39
25
21
17
9
9
8
15
18
31
32
53
75
87
93
95
133
160
168
166
143
141
132
110
109
90
88
86
80
80
76
74
61
59
52
44
2
9
11
30
45
54
70
81
82
84
93
96
96
112
118
121
128
132
132
143
152
158
145
141
138
128
114
88
80
65
58
51
36
21
12
18
29
33
38
2
168
139
93
73
73
63
33
3
18
21
35
40
42
72
75
78
121
122
132
139
147
156
159
178
157
151
124
108
76
74
65
61
53
43
34
29
0
2
3
9
19
49
77
81
83
97
98
100
100
101
131
133
150
150
158
162
172
172
159
158
155
144
133
132
111
90
85
63
59
58
16
9
3
6
9
24
40
41
52
62
64
94
97
99
112
145
158
162
165
174
148
131
128
125
113
107
99
97
90
50
34
11
10
13
35
59
75
80
82
96
98
113
140
163
180
172
165
155
132
127
118
115
107
82
80
76
60
48
29
23
23
11
3
8
12
32
36
41
88
91
110
118
123
132
135
136
143
156
167
169
157
149
120
90
79
34
26
19
23
29
33
54
57
67
68
75
80
89
91
99
106
121
127
129
139
149
158
159
159
168
174
132
126
106
104
3
16
20
20
37
46
47
59
70
72
79
81
87
95
107
114
133
147
148
164
179
20
36
44
52
54
63
101
113
136
137
140
144
161
161
152
137
134
130
129
121
120
109
107
103
76
71
53
49
39
32
16
7
20
32
32
65
71
81
83
102
122
131
133
137
155
161
170
170
165
148
141
115
81
64
58
51
45
44
43
33
22
7
1
2
7
37
41
65
73
88
106
111
113
128
138
138
145
162
166
173
159
142
132
128
120
102
0
3
11
14
35
43
67
79
94
99
105
140
146
151
170
161
158
152
150
147
136
112
108
100
97
54
51
50
49
30
30
6
7
23
24
28
28
38
42
48
58
72
72
99
99
115
130
136
139
144
147
154
160
170
153
149
103
85
53
45
42
41
27
18
15
7
9
10
19
57
66
100
103
111
111
112
116
124
128
136
136
136
150
158
164
172
123
112
104
101
75
59
55
48
41
31
179
175
168
159
158
145
139
123
123
103
89
83
70
61
55
20
19
9
20
36
39
56
65
77
79
97
97
105
107
110
110
119
125
142
146
156
159
170
154
133
130
129
106
104
83
76
73
63
43
41
35
20
7
7
9
10
17
28
62
75
80
84
86
107
108
122
150
171
166
165
163
146
132
124
85
53
51
50
46
36
23
20
8
8
17
27
57
79
100
102
104
129
132
138
170
164
139
137
124
108
105
67
66
20
12
27
48
50
51
53
60
77
78
85
106
107
109
118
130
173
155
125
116
110
101
101
91
87
75
67
43
40
37
31
16
13
21
25
29
61
69
89
101
113
114
139
152
164
171
169
149
134
120
101
78
62
57
52
26
24
18
14
9
12
12
45
47
48
70
76
86
91
106
115
148
153
173
162
159
127
98
76
75
67
43
38
33
28
21
15
15
22
26
64
67
89
97
104
108
109
116
121
121
160
172
138
133
130
118
92
89
53
38
27
24
22
22
14
53
57
83
114
118
120
132
134
146
161
169
170
162
145
145
142
136
130
121
117
98
86
86
81
74
62
52
46
45
43
38
28
27
17
11
7
3
7
17
17
26
36
50
82
98
134
138
163
178
173
157
155
145
145
135
132
107
61
57
42
32
28
3
16
56
63
104
107
113
118
133
147
151
154
166
169
173
177
152
128
121
111
103
103
102
78
71
71
34
28
25
13
6
0
10
16
18
47
47
47
47
47
47
47
47
47
47
47
47
47
47
47
160
132
130
117
102
90
87
60
35
9
13
33
39
42
81
84
85
94
109
116
135
165
134
127
104
98
88
84
81
179
132
132
130
117
92
91
79
68
64
58
37
23
9
3
15
32
33
50
59
64
69
86
99
161
163
176
158
156
146
138
127
110
99
91
90
90
70
66
66
61
58
52
35
22
18
5
14
18
33
35
37
38
41
52
65
68
75
78
89
94
110
133
136
145
146
161
161
168
170
178
172
161
145
144
133
128
115
96
93
93
92
88
86
74
61
46
44
1
7
21
30
46
46
74
91
105
105
106
121
132
134
148
161
166
136
133
109
70
67
60
53
51
49
49
48
38
31
10
36
46
57
61
72
75
82
99
119
125
127
135
144
146
169
165
161
157
154
151
135
129
109
90
87
82
74
64
61
50
48
10
10
16
23
25
32
44
68
68
101
109
121
160
168
179
174
143
142
101
66
62
59
59
53
51
39
22
6
2
42
61
66
80
97
106
115
125
134
173
164
161
160
156
144
132
132
123
122
118
105
99
90
84
77
66
60
59
57
47
45
43
40
35
11
27
31
34
51
54
56
61
84
87
100
101
109
124
148
165
168
157
149
145
140
116
110
80
78
75
42
9
1
2
15
32
37
54
57
64
82
87
111
113
161
170
167
163
158
150
119
118
115
110
97
80
73
68
49
47
14
2
21
42
67
68
82
113
118
119
160
169
173
167
150
145
136
122
113
108
99
77
72
72
61
58
46
37
29
24
23
23
0
13
16
33
33
68
73
77
101
112
125
143
160
170
172
180
175
168
148
139
131
126
117
100
99
97
88
65
59
54
47
39
37
35
27
6
33
37
38
57
77
80
85
94
119
131
135
149
176
174
146
145
139
135
128
118
113
103
102
83
77
67
47
34
19
11
9
18
20
23
44
46
49
75
87
91
98
100
119
124
134
135
141
145
148
156
160
162
164
174
154
135
129
124
102
95
92
77
73
71
37
30
17
6
6
20
21
39
45
88
92
116
127
139
144
149
179
171
161
149
129
71
58
35
21
13
12
6
10
12
22
27
37
48
49
50
58
70
88
102
108
127
140
144