170
170
169
158
158
140
132
122
119
115
107
100
95
89
86
85
74
72
68
63
58
56
53
41
41
35
33
31
26
24
21
7
12
24
28
29
39
41
42
45
54
65
70
71
71
79
82
88
89
92
95
103
113
117
143
160
164
164
166
169
178
174
174
172
172
172
171
166
163
158
157
150
148
142
141
135
131
120
113
113
102
98
95
90
86
69
68
66
62
61
52
48
47
42
38
37
32
30
28
27
24
21
17
14
13
6
8
10
14
17
18
19
20
21
22
24
26
27
28
31
42
47
55
56
58
60
67
67
69
74
77
90
92
116
119
132
132
134
140
141
143
144
147
147
160
171
171
150
146
141
135
133
130
130
128
126
121
114
107
104
103
102
98
96
89
83
79
71
56
49
46
46
39
37
35
29
29
26
24
20
20
16
16
13
29
43
44
46
48
65
68
76
83
89
94
99
102
107
116
123
125
126
133
138
154
154
162
163
163
165
167
168
172
176
175
173
157
153
133
108
102
95
93
85
85
83
77
74
64
64
0
178
171
168
167
159
159
158
152
150
147
144
140
137
116
116
115
107
104
89
86
69
67
66
62
55
54
53
53
45
38
37
36
28
20
13
9
5
9
15
17
20
24
28
35
35
37
38
39
45
48
54
54
63
66
66
79
82
82
84
90
100
100
114
122
128
132
135
146
152
152
154
165
169
170
179
178
172
172
171
157
145
122
120
119
111
108
107
103
101
85
68
63
62
52
51
49
46
45
44
44
37
37
35
32
31
31
26
22
14
9
0
5
5
7
15
23
25
26
28
30
34
37
38
40
43
47
49
49
53
53
57
57
65
80
89
94
97
100
103
107
118
118
119
124
131
136
140
143
144
147
152
154
161
178
164
161
148
147
142
141
127
126
122
101
97
84
81
58
55
48
46
42
41
39
33
29
23
14
14
7
17
29
31
38
42
42
54
57
61
62
65
71
73
75
79
86
101
107
112
118
131
147
148
155
158
162
164
167
170
178
173
163
144
140
134
134
123
120
109
96
93
88
70
69
62
62
58
53
51
43
41
36
31
23
15
10
6
13
19
22
23
27
31
35
41
45
57
61
63
63
72
80
96
97
101
101
106
117
126
128
130
134
154
154
155
155
167
174
180
174
167
158
143
139
139
132
128
128
121
93
78
77
75
72
71
62
61
56
55
53
0
2
4
4
4
170
168
166
166
159
155
148
139
128
104
96
93
80
74
73
73
65
63
57
37
37
33
32
21
3
4
18
19
21
28
31
31
35
40
42
64
66
68
72
75
78
87
92
97
101
102
103
114
121
122
123
124
132
133
139
147
147
153
156
159
160
178
168
157
151
148
143
140
137
132
124
111
108
84
76
74
65
61
60
59
58
57
56
53
48
43
43
34
33
33
29
28
22
0
2
3
9
19
35
38
41
41
45
49
52
58
70
73
74
77
81
83
97
98
99
100
100
101
109
113
114
123
131
133
142
146
150
150
153
158
162
171
179
179
178
177
172
172
159
158
155
152
151
144
133
132
129
111
90
88
85
63
59
58
39
34
16
9
7
3
6
9
24
30
40
41
52
60
61
62
64
81
94
97
99
105
112
114
114
130
133
134
145
155
158
162
165
165
174
171
153
148
145
135
131
128
125
120
113
107
99
99
97
95
90
68
66
50
38
35
34
34
23
16
11
10
8
13
15
15
16
35
43
50
51
57
58
59
69
75
80
81
82
90
94
96
97
98
106
113
118
120
122
123
131
137
140
154
163
173
180
173
172
165
155
148
135
132
127
118
115
115
107
92
87
85
82
80
76
66
60
48
47
29
23
23
23
11
9
3
4
8
12
16
26
32
36
36
41
56
63
69
74
83
84
88
90
91
107
110
111
112
118
123
132
132
135
136
137
138
143
147
156
165
167
167
169
171
157
149
146
134
128
120
107
106
104
103
101
97
90
87
79
63
61
55
41
34
26
24
23
21
19
4
6
7
13
20
23
25
25
29
33
43
50
54
57
67
68
75
80
89
91
99
100
103
106
121
127
129
139
149
153
158
159
159
168
174
167
163
147
144
140
137
132
126
108
106
104
3
14
20
25
28
31
36
44
47
49
51
52
52
54
63
64
76
79
101
111
113
114
123
136
137
140
144
151
159
167
168
170
170
179
176
165
161
161
152
147
137
134
130
129
129
121
120
109
107
105
103
103
90
76
71
65
58
57
57
53
49
43
40
39
32
32
26
23
21
16
10
7
16
20
24
26
32
32
36
54
56
57
65
65
71
80
81
83
93
96
97
102
104
111
120
122
128
131
133
137
144
155
161
162
166
170
170
167
165
148
141
136
115
100
96
81
77
70
64
58
58
58
51
45
44
43
33
22
13
8
7
1
2
7
12
14
25
33
37
41
47
53
57
65
68
73
75
79
80
81
82
88
89
91
98
106
111
113
128
135
136
137
138
138
142
145
155
162
163
164
166
179
178
173
168
163
159
157
142
135
132
128
120
115
102
99
89
84
31
21
10
0
3
11
14
16
25
28
35
42
43
43
52
67
79
88
94
99
105
106
109
111
112
122
129
134
140
145
146
149
151
170
173
173
168
163
161
160
158
152
150
147
139
136
134
125
112
108
103
100
97
96
84
83
60
59
54
51
50
49
42
32
31
30
30
23
12
6
7
23
24
26
28
28
28
29
30
34
37
38
42
44
48
49
49
53
58
66
67
68
72
72
81
92
94
96
96
99
99
115
115
121
130
130
132
136
137
139
143
144
147
153
154
160
170
171
153
149
141
135
127
121
119
114
106
103
103
97
95
92
85
53
49
45
42
41
41
27
18
15
1
7
8
9
10
19
35
36
55
55
57
58
64
66
90
91
100
102
103
107
111
111
112
112
116
123
124
128
134
136
136
136
142
143
144
149
150
151
158
164
167
167
168
172
172
172
167
166
154
137
133
124
123
112
109
104
101
94
89
75
59
57
55
48
48
45
41
29
28
11
6
0
6
12
18
23
28
31