Radius_m BinSize_deg Chi2 DF Reduced_Chi2 P_Value
10.00 1 562.98 179 3.1451 2.810703e-41
10.00 2 312.81 89 3.5147 1.156206e-26
10.00 3 218.97 59 3.7114 3.074559e-20
10.00 4 173.14 44 3.9349 3.154291e-17
10.00 5 163.68 35 4.6767 1.528635e-18
10.00 6 145.80 29 5.0277 1.622667e-17
10.00 7 148.01 25 5.9206 1.957187e-19
10.00 8 114.51 22 5.2051 1.714007e-14
10.00 9 85.44 19 4.4971 2.105503e-10
10.00 10 117.89 17 6.9349 3.881013e-17
10.00 11 124.43 16 7.7770 7.688518e-19
10.00 12 79.54 14 5.6811 3.449508e-11
10.00 13 99.13 13 7.6252 2.447522e-15
10.00 14 89.12 12 7.4268 7.302841e-14
10.00 15 98.26 11 8.9328 3.944423e-16
10.00 16 43.40 11 3.9452 9.262127e-06
10.00 17 87.78 10 8.7784 1.471314e-14
10.00 18 65.25 9 7.2497 1.291315e-10
10.00 19 46.42 9 5.1577 5.033657e-07
10.00 20 69.55 8 8.6938 6.038789e-12
10.00 30 64.26 5 12.8528 1.592762e-12
10.00 36 22.42 4 5.6056 1.651296e-04
10.00 45 44.20 3 14.7346 1.366039e-09
10.00 60 21.63 2 10.8134 2.012817e-05
10.00 90 0.04 1 0.0394 8.425966e-01
15.00 1 576.67 179 3.2216 2.478397e-43
15.00 2 298.28 89 3.3514 2.125989e-24
15.00 3 212.68 59 3.6047 3.153652e-19
15.00 4 164.16 44 3.7309 9.330951e-16
15.00 5 169.97 35 4.8564 1.214760e-19
15.00 6 131.34 29 4.5289 5.611415e-15
15.00 7 136.40 25 5.4559 2.586017e-17
15.00 8 100.23 22 4.5558 5.883877e-12
15.00 9 87.02 19 4.5802 1.111735e-10
15.00 10 112.75 17 6.6321 3.664416e-16
15.00 11 106.82 16 6.6762 1.799617e-15
15.00 12 57.74 14 4.1241 2.914127e-07
15.00 13 94.72 13 7.2863 1.734934e-14
15.00 14 84.55 12 7.0458 5.555848e-13
15.00 15 94.61 11 8.6007 2.074268e-15
15.00 16 39.96 11 3.6331 3.628505e-05
15.00 17 66.46 10 6.6456 2.132089e-10
15.00 18 71.86 9 7.9841 6.577777e-12
15.00 19 38.77 9 4.3082 1.265628e-05
15.00 20 49.70 8 6.2119 4.676333e-08
15.00 30 55.22 5 11.0441 1.175961e-10
15.00 36 12.76 4 3.1910 1.248911e-02
15.00 45 35.58 3 11.8609 9.175370e-08
15.00 60 12.07 2 6.0328 2.398730e-03
15.00 90 0.64 1 0.6408 4.234266e-01
20.00 1 632.52 179 3.5336 6.368019e-52
20.00 2 328.46 89 3.6905 3.795815e-29
20.00 3 223.33 59 3.7853 6.065947e-21
20.00 4 168.13 44 3.8211 2.102963e-16
20.00 5 157.09 35 4.4882 2.120605e-17
20.00 6 138.91 29 4.7898 2.682005e-16
20.00 7 163.14 25 6.5255 3.064507e-22
20.00 8 113.85 22 5.1749 2.255764e-14
20.00 9 79.36 19 4.1767 2.398437e-09
20.00 10 108.33 17 6.3726 2.481547e-15
20.00 11 128.50 16 8.0310 1.256957e-19
20.00 12 73.82 14 5.2728 3.894737e-10
20.00 13 102.11 13 7.8544 6.471409e-16
20.00 14 83.61 12 6.9678 8.401639e-13
20.00 15 89.31 11 8.1187 2.280281e-14
20.00 16 46.97 11 4.2702 2.174974e-06
20.00 17 78.81 10 7.8806 8.603548e-13
20.00 18 63.01 9 7.0010 3.513485e-10
20.00 19 35.48 9 3.9423 4.900273e-05
20.00 20 59.79 8 7.4740 5.120848e-10
20.00 30 58.04 5 11.6078 3.087505e-11
20.00 36 21.46 4 5.3661 2.561208e-04
20.00 45 40.39 3 13.4633 8.808021e-09
20.00 60 18.20 2 9.1013 1.115203e-04
20.00 90 0.00 1 0.0030 9.561113e-01
25.00 1 549.79 179 3.0715 2.544069e-39
25.00 2 327.51 89 3.6799 5.383505e-29
25.00 3 213.10 59 3.6119 2.697990e-19
25.00 4 186.42 44 4.2369 1.898719e-19
25.00 5 159.06 35 4.5445 9.695260e-18
25.00 6 127.02 29 4.3798 3.127673e-14
25.00 7 136.69 25 5.4677 2.286628e-17
25.00 8 120.91 22 5.4958 1.192428e-15
25.00 9 83.09 19 4.3730 5.430527e-10
25.00 10 108.31 17 6.3709 2.512289e-15
25.00 11 115.34 16 7.2089 4.296507e-17
25.00 12 70.87 14 5.0622 1.341462e-09
25.00 13 77.70 13 5.9768 2.983648e-11
25.00 14 68.20 12 5.6837 6.929678e-10
25.00 15 86.54 11 7.8670 7.927256e-14
25.00 16 41.48 11 3.7708 1.992646e-05
25.00 17 74.54 10 7.4538 5.852059e-12
25.00 18 59.99 9 6.6653 1.348181e-09
25.00 19 39.35 9 4.3719 9.972072e-06
25.00 20 63.64 8 7.9548 8.966527e-11
25.00 30 62.25 5 12.4508 4.154409e-12
25.00 36 20.54 4 5.1352 3.904715e-04
25.00 45 40.68 3 13.5605 7.639137e-09
25.00 60 18.56 2 9.2824 9.304894e-05
25.00 90 0.04 1 0.0365 8.484391e-01
30.00 1 547.99 179 3.0614 4.692558e-39
30.00 2 246.81 89 2.7732 9.184722e-17
30.00 3 187.77 59 3.1825 2.433045e-15
30.00 4 132.25 44 3.0056 9.196937e-11
30.00 5 131.49 35 3.7568 4.290019e-13
30.00 6 97.27 29 3.3542 2.661238e-09
30.00 7 91.03 25 3.6414 1.938420e-09
30.00 8 79.29 22 3.6041 2.118624e-08
30.00 9 47.84 19 2.5177 2.708296e-04
30.00 10 83.63 17 4.9193 8.638278e-11
30.00 11 60.22 16 3.7639 4.801595e-07
30.00 12 38.70 14 2.7646 4.051596e-04
30.00 13 55.52 13 4.2705 3.278172e-07
30.00 14 47.09 12 3.9238 4.505389e-06
30.00 15 68.87 11 6.2612 1.999129e-10
30.00 16 26.11 11 2.3735 6.254006e-03
30.00 17 41.11 10 4.1110 1.079101e-05
30.00 18 34.89 9 3.8765 6.235146e-05
30.00 19 19.64 9 2.1821 2.027878e-02
30.00 20 42.78 8 5.3479 9.650478e-07
30.00 30 44.27 5 8.8546 2.038659e-08
30.00 36 8.37 4 2.0934 7.881715e-02
30.00 45 22.97 3 7.6570 4.094646e-05
30.00 60 12.62 2 6.3100 1.818061e-03
30.00 90 0.30 1 0.3039 5.814289e-01
35.00 1 635.64 179 3.5511 2.062668e-52
35.00 2 308.85 89 3.4702 4.828667e-26
35.00 3 221.90 59 3.7611 1.033193e-20
35.00 4 164.22 44 3.7322 9.125002e-16
35.00 5 167.85 35 4.7957 2.865210e-19
35.00 6 130.72 29 4.5075 7.183647e-15
35.00 7 122.79 25 4.9115 7.118338e-15
35.00 8 104.31 22 4.7412 1.130525e-12
35.00 9 70.58 19 3.7149 7.357552e-08
35.00 10 115.27 17 6.7806 1.220615e-16
35.00 11 92.14 16 5.7585 1.009144e-12
35.00 12 59.85 14 4.2749 1.247041e-07
35.00 13 78.08 13 6.0061 2.531555e-11
35.00 14 72.16 12 6.0131 1.262226e-10
35.00 15 94.34 11 8.5767 2.337757e-15
35.00 16 40.92 11 3.7199 2.488426e-05
35.00 17 60.81 10 6.0813 2.542057e-09
35.00 18 54.27 9 6.0305 1.674160e-08
35.00 19 36.30 9 4.0337 3.501564e-05
35.00 20 59.96 8 7.4947 4.750329e-10
35.00 30 58.79 5 11.7578 2.161872e-11
35.00 36 9.30 4 2.3246 5.405952e-02
35.00 45 34.02 3 11.3400 1.961890e-07
35.00 60 9.91 2 4.9526 7.065131e-03
35.00 90 1.96 1 1.9594 1.615792e-01
40.00 1 560.38 179 3.1306 6.851822e-41
40.00 2 282.33 89 3.1722 5.786609e-22
40.00 3 184.37 59 3.1249 7.974659e-15
40.00 4 155.26 44 3.5287 2.522014e-14
40.00 5 158.31 35 4.5230 1.306262e-17
40.00 6 118.80 29 4.0964 7.860947e-13
40.00 7 129.33 25 5.1731 4.859391e-16
40.00 8 105.47 22 4.7942 7.033841e-13
40.00 9 79.48 19 4.1831 2.286180e-09
40.00 10 103.37 17 6.0807 2.101719e-14
40.00 11 94.54 16 5.9090 3.612461e-13
40.00 12 62.37 14 4.4547 4.493800e-08
40.00 13 90.18 13 6.9368 1.292268e-13
40.00 14 78.23 12 6.5195 8.953540e-12
40.00 15 86.33 11 7.8483 8.695529e-14
40.00 16 40.25 11 3.6593 3.238335e-05
40.00 17 68.19 10 6.8187 9.915604e-11
40.00 18 55.47 9 6.1628 9.928843e-09
40.00 19 50.60 9 5.6221 8.311210e-08
40.00 20 55.36 8 6.9198 3.760315e-09
40.00 30 49.00 5 9.7994 2.222362e-09
40.00 36 12.63 4 3.1565 1.325580e-02
40.00 45 26.87 3 8.9574 6.261872e-06
40.00 60 11.32 2 5.6615 3.477412e-03
40.00 90 0.61 1 0.6129 4.337106e-01
45.00 1 625.83 179 3.4963 7.069250e-51
45.00 2 306.09 89 3.4392 1.304857e-25
45.00 3 215.73 59 3.6564 1.024472e-19
45.00 4 164.15 44 3.7306 9.378587e-16
45.00 5 177.44 35 5.0698 5.846433e-21
45.00 6 140.46 29 4.8433 1.431392e-16
45.00 7 131.26 25 5.2503 2.187695e-16
45.00 8 103.92 22 4.7236 1.323449e-12
45.00 9 81.25 19 4.2763 1.131689e-09
45.00 10 123.49 17 7.2640 3.329944e-18
45.00 11 101.12 16 6.3198 2.138938e-14
45.00 12 57.15 14 4.0820 3.687475e-07
45.00 13 91.50 13 7.0382 7.226469e-14
45.00 14 80.76 12 6.7301 2.953563e-12
45.00 15 102.41 11 9.3099 5.946657e-17
45.00 16 38.74 11 3.5222 5.854671e-05
45.00 17 63.19 10 6.3188 8.992468e-10
45.00 18 67.94 9 7.5488 3.855487e-11
45.00 19 39.99 9 4.4434 7.627129e-06
45.00 20 51.30 8 6.4127 2.295212e-08
45.00 30 64.86 5 12.9712 1.200640e-12
45.00 36 13.36 4 3.3390 9.661509e-03
45.00 45 40.61 3 13.5369 7.907895e-09
45.00 60 9.21 2 4.6067 9.984419e-03
45.00 90 3.17 1 3.1741 7.481628e-02
50.00 1 577.86 179 3.2283 1.641545e-43
50.00 2 311.78 89 3.5032 1.674356e-26
50.00 3 187.32 59 3.1749 2.847561e-15
50.00 4 159.33 44 3.6211 5.634338e-15
50.00 5 144.86 35 4.1389 2.569622e-15
50.00 6 99.11 29 3.4176 1.357032e-09
50.00 7 105.51 25 4.2202 7.299744e-12
50.00 8 109.12 22 4.9598 1.586391e-13
50.00 9 62.18 19 3.2724 1.743670e-06
50.00 10 95.14 17 5.5963 7.021099e-13
50.00 11 81.27 16 5.0797 9.795993e-11
50.00 12 52.17 14 3.7262 2.635182e-06
50.00 13 65.81 13 5.0624 4.692804e-09
50.00 14 48.36 12 4.0302 2.703321e-06
50.00 15 75.94 11 6.9041 8.927457e-12
50.00 16 42.07 11 3.8242 1.577702e-05
50.00 17 51.89 10 5.1886 1.198075e-07
50.00 18 37.85 9 4.2052 1.856859e-05
50.00 19 33.45 9 3.7172 1.112555e-04
50.00 20 54.37 8 6.7960 5.856400e-09
50.00 30 50.44 5 10.0876 1.127265e-09
50.00 36 12.40 4 3.0993 1.462828e-02
50.00 45 24.29 3 8.0981 2.168285e-05
50.00 60 11.34 2 5.6710 3.444267e-03
50.00 90 2.29 1 2.2867 1.304833e-01
