2
4
4
4
170
168
166
166
159
155
148
139
128
104
96
93
80
74
73
73
65
63
57
37
37
33
32
21
3
4
18
19
21
28
31
31
35
40
42
64
66
68
72
75
78
87
92
97
101
102
103
114
121
122
123
124
132
133
139
147
147
153
156
159
160
178
168
157
151
148
143
140
137
132
124
111
108
84
76
74
65
61
60
59
58
57
56
53
48
43
43
34
33
33
29
28
22
0
2
3
9
19
35
38
41
41
45
49
52
58
70
73
74
77
81
83
97
98
99
100
100
101
109
113
114
123
131
133
142
146
150
150
153
158
162
171
179
179
178
177
172
172
159
158
155
152
151
144
133
132
129
111
90
88
85
63
59
58
39
34
16
9
7
3
6
9
24
30
40
41
52
60
61
62
64
81
94
97
99
105
112
114
114
130
133
134
145
155
158
162
165
165
174
171
153
148
145
135
131
128
125
120
113
107
99
99
97
95
90
68
66
50
38
35
34
34
23
16
11
10
8
13
15
15
16
35
43
50
51
57
58
59
69
75
80
81
82
90
94
96
97
98
106
113
118
120
122
123
131
137
140
154
163
173
180
173
172
165
155
148
135
132
127
118
115
115
107
92
87
85
82
80
76
66
60
48
47
29
23
23
23
11
9
3
4
8
12
16
26
32
36
36
41
56
63
69
74
83
84
88
90
91
107
110
111
112
118
123
132
132
135
136
137
138
143
147
156
165
167
167
169
171
157
149
146
134
128
120
107
106
104
103
101
97
90
87
79
63
61
55
41
34
26
24
23
21
19
4
6
7
13
20
23
25
25
29
33
43
50
54
57
67
68
75
80
89
91
99
100
103
106
121
127
129
139
149
153
158
159
159
168
174
167
163
147
144
140
137
132
126
108
106
104
3
14
20
25
28
31
36
44
47
49
51
52
52
54
63
64
76
79
101
111
113
114
123
136
137
140
144
151
159
167
168
170
170
179
176
165
161
161
152
147
137
134
130
129
129
121
120
109
107
105
103
103
90
76
71
65
58
57
57
53
49
43
40
39
32
32
26
23
21
16
10
7
16
20
24
26
32
32
36
54
56
57
65
65
71
80
81
83
93
96
97
102
104
111
120
122
128
131
133
137
144
155
161
162
166
170
170
167
165
148
141
136
115
100
96
81
77
70
64
58
58
58
51
45
44
43
33
22
13
8
7
1
2
7
12
14
25
33
37
41
47
53
57
65
68
73
75
79
80
81
82
88
89
91
98
106
111
113
128
135
136
137
138
138
142
145
155
162
163
164
166
179
178
173
168
163
159
157
142
135
132
128
120
115
102
99
89
84
31
21
10
0
3
11
14
16
25
28
35
42
43
43
52
67
79
88
94
99
105
106
109
111
112
122
129
134
140
145
146
149
151
170
173
173
168
163
161
160
158
152
150
147
139
136
134
125
112
108
103
100
97
96
84
83
60
59
54
51
50
49
42
32
31
30
30
23
12
6
7
23
24
26
28
28
28
29
30
34
37
38
42
44
48
49
49
53
58
66
67
68
72
72
81
92
94
96
96
99
99
115
115
121
130
130
132
136
137
139
143
144
147
153
154
160
170
171
153
149
141
135
127
121
119
114
106
103
103
97
95
92
85
53
49
45
42
41
41
27
18
15
1
7
8
9
10
19
35
36
55
55
57
58
64
66
90
91
100
102
103
107
111
111
112
112
116
123
124
128
134
136
136
136
142
143
144
149
150
151
158
164
167
167
168
172
172
172
167
166
154
137
133
124
123
112
109
104
101
94
89
75
59
57
55
48
48
45
41
29
28
11
6
0
6
12
18
23
28
31
179
176
175
173
168
168
166
159
158
151
148
145
142
139
129
123
123
113
112
107
103
99
89
83
77
71
70
66
61
55
47
36
20
19
16
14
10
9
10
20
31
34
36
36
38
39
42
56
57
59
63
65
76
77
79
80
87
97
97
99
105
107
110
110
117
119
119
124
125
132
134
138
142
142
146
146
156
159
163
169
172
170
165
154
136
133
130
129
125
120
117
108
106
105
104
103
97
89
88
85
83
79
76
75
73
63
49
43
41
39
35
20
20
16
2
7
7
9
10
17
21
28
32
34
62
64
75
80
84
86
87
100
107
108
113
122
129
145
149
150
152
171
174
168
166
165
163
161
154
146
146
132
126
124
110
107
105
85
85
83
72
70
64
59
53
51
50
47
46
36
29
27
23
20
8
0
8
13
17
19
27
33
45
48
53
53
57
60
63
65
79
84
86
90
92
100
102
104
106
106
111
129
132
134
134
138
158
165
170
170
164
162
160
139
137
136
135
131
124
111
108
105
97
92
88
67
66
58
41
32
32
23
20
12
1
12
13
17
27
36
39
46
48
50
51
53
56
60
65
70
75
77
78
85
94
100
106
107
109
118
120
130
132
145
147
160
166
168
173
173
173
161
155
155
140
125
116
110
104
101
101
95
91
87
80
77
75
67
62
56
53
46
43
40
37
35
33
31
25
23
21
16
12
4
8
13
21
24
25
25
26
29
36
44
47
57
60
61
69
73
88
89
101
101
112
113
113
114
115
130
139
142
152
164
171
174
169
166
149
146
134
123
120
101
85
84
78
78
62
61
57
54
52
40
39
38
26
24
18
14
12
9
9
12
12
30
36
45
47
48
54
54
55
61
64
65
66
70
76
80
86
91
92
99
100
106
115
131
137
137
138
143
145
147
148
153
160
162
163
173
174
164
162
162
159
154
152
147
143
133
127
121
116
109
104
98
98
98
98
92
85
76
75
67
46
43
38
33
28
21
15
10
5
4
5
5
10
15
20
22
26
28
33
37
41
44
64
67
69
89
93
93
97
103
104
107
108
109
110
116
120
121
121
125
132
154
159
160
166
172
143
140
139
139
138
133
131
130
126
124
122
118
118
103
102
92
89
85
81
70
64
57
53
46
38
35
27
24
22
22
21
14
8
4
9
17
20
22
24
25
41
43
53
56
57
60
63
64
64
79
83
89
91
104
107
114
117
118
119
120
132
132
134
137
146
148
157
157
161
169
169
170
162
161
158
155
151
145
145
142
141
136
133
131
130
121
117
108
98
90
86
86
86
84
81
74
67
62
59
52
46
45
43
38
31
28
27
17
13
12
11
7
3
7
7
17
17
21
26
36
38
39
41
50
50
51
60
63
64
71
78
82
87
98
104
126
129
134
137
138
138
156
157
158
159
160
161
163
168
178
178
173
160
157
155
145
145
140
136
135
132
119
113
107
91
88
83
74
64
61
58
57
53
42
32
28
19
19
1
3
16
16
21
29
30
56
58
63
83
96
97
104
107
110
113
118
133
143
147
151
154
159
166
167
169
169
173
177
161
155
155
152
134
131
128
125
123
122
121
111
103
103
102
102
91
78
78
75
71
71
65
57
53
52
51
47
46
37
34
28
26
25
18
13
6
0
9
10
14
16
18
32
39
44
47
