4
4
166
104
80
57
28
31
66
97
103
114
123
124
147
153
168
143
140
84
60
59
48
43
33
33
38
41
70
113
142
153
179
152
151
129
88
30
60
61
81
105
114
130
133
135
120
95
38
35
16
15
43
90
94
106
120
122
137
173
173
115
85
66
47
9
4
26
63
90
111
112
132
147
167
171
146
134
128
104
101
63
61
55
24
23
6
7
20
25
43
50
100
153
167
147
144
140
8
25
28
31
47
51
52
76
79
111
114
151
170
170
176
165
147
129
105
103
65
57
40
32
26
16
24
26
56
96
111
120
162
166
167
136
100
14
25
47
57
80
81
89
135
137
142
155
163
179
168
115
99
84
31
21
25
28
42
52
88
111
122
149
173
134
103
96
84
59
23
29
30
44
53
94
96
121
132
137
143
171
119
106
103
97
95
41
1
8
55
90
102
107
123
134
144
151
167
167
154
133
124
94
29
11
0
6
18
23
28
176
173
168
166
151
129
113
112
107
99
77
71
47
36
10
31
34
36
38
76
80
87
146
163
125
120
108
105
97
88
85
49
39
2
32
34
64
100
129
149
174
168
161
154
126
107
105
85
72
70
64
47
29
0
13
19
33
53
60
63
65
84
86
90
106
111
134
165
160
136
135
111
97
12
13
17
36
39
56
65
70
100
120
132
147
160
168
161
155
104
80
77
53
46
33
25
23
8
24
26
47
57
73
101
113
174
166
146
84
78
61
54
39
38
12
30
36
54
55
65
80
92
99
131
138
143
160
162
174
164
154
147
133
92
85
10
5
4
5
20
28
69
93
93
103
120
125
154
159
166
143
140
139
126
122
103
85
81
70
64
46
35
20
22
41
43
64
79
89
91
117
132
137
148
157
157
169
158
108
86
12
21
38
41
50
60
64
78
87
129
138
156
158
168
136
119
113
91
88
74
64
58
53
16
21
83
143
159
169
161
155
155
134
131
123
102
65
57
51
46
26
18
14
32
39