39
41
24
27
32
55
160
65
9
92
142
5
136
5
161
124
165
48
97
38
56
46
120
57
2
52
107
133
176
116
149
38
109
18
124
102
7
20
38
81
130
115
15
123
40
103
153
77
90
45
122
134
75
172
97
147
56
61
70
1
84
22
177
145
42
71
35
6
3
133
111
78
174
170
12
114
70
163
77
23
69
155
7
99
75
8
37
128
128
114
116
19
126
76
122
143
74
68
141
93
133
40
152
7
106
13
11
15
9
26
72
22
12
148
65
24
69
84
28
66
102
120
140
160
8
12
28
94
170
93
150
40
88
110
176
123
65
94
120
169
170
53
85
72
112
28
58
93
119
78
134
89
13
115
53
84
81
13
96
21
120
120
39
109
8
86
83
133
6
111
129
8
145
74
9
35
32
160
163
74
134
17
96
130
130
7
126
35
134
48
93
51
17
42
29
162
27
71
47
80
161
147
87
144
10
95
96
69
47
151
75
72
129
79
92
76
177
165
66
155
24
71
65
5
39
104
90
28
85
131
61
166
2
11
166
5
59
71
169
164
82
175
61
43
111
161
17
4
79
99
63
158
132
116
52
51
142
133
101
16
112
68
14
19
66
146
30
155
168
66
11
78
79
106
17
7
64
141
69
114
26
85
60
14
174
104
41
171
55
4
5
71
112
105
169
32
113
167
8
104
57
107
81
171
94
21
116
99
7
55
172
95
156
40
67
105
108
29
172
59
53
165
120
115
107
68
38
75
22
76
160
64
142
75
63
107
150
44
134
121
35
53
165
102
29
52
158
6
46
135
119
156
134
8
149
155
153
53
21
107
45
24
65
142
101
113
78
152
132
40
163
88
17
45
53
29
51
124
108
80
127
73
85
147
168
74
131
96
173
171
151
18
116
15
150
104
87
146
160
76
84
20
31
171
74
171
43
9
170
170
15
50
167
55
149
122
109
146
64
124
66
133
97
154
98
98
136
90
77
92
157
140
168
82
103
160
8
5
66
34
84
47
142
160
9
133
123
67
87
22
69
74
43
112
54
89
4
155
167
169
69
64
111
99
7
168
144
105
116
136
150
0
100
111
94
102
75
139
155
49
50
13
136
5
147
177
176
16
104
175
99
35
78
175
80
38
144
98
90
38
131
113
130
179
84
137
151
96
158
174
86
35
164
144
69
134
51
124
62
29
169
137
94
35
54
141
25
112
72
174
4
69
10
23
55
99
128
60
19
87
54
51
54
127
157
170
54
142
164
17
2
134
174
11
174
93
6
3
148
144
53
42
83
24
162
86
13
104
170
98
156
91
57
175
82
49
31
147
34
42
108
100
11
140
97
109
86
103
39
163
79
22
64
171
16
22
116
164
77
100
80
116
28
95
162
175
14
131
11
134
102
8
30
134
103
88
69
77
143
29
121
146
146
16
107
97
142
67
73
66
92
57
29
20
27
21
132
173
22
98
179
5
134
15
32
100
179
120
66
104
176
20
52
93
29
49
117
128
37
126
150
74
96
113
133
169
151
42
121
137
82
80
143
24
107
162
137
57
63
43
57
53
37
16
121
11
119
126
18
109
57
69
7
47
69
33
118
45
163
25
103
47
58
85
49
123
164
42
104
2
123
8
70
32
69
144
164
114
134
48
103
130
29
39
61
53
70
30
33
131
94
96
122
134
51
8
121
33
48
41
168
69
81
38
113
77
134
16
135
127
84
116
115
136
120
142
156
39
136
156
57
95
103
111
143
166
137
90
7
68
62
68
159
178
74
136
89
100
37
158
23
133
18
57
67
113
30
16
86
84
147
81
57
3
66
35
73
72
2
10
131
155
40
92
91
35
146
97
77
177
13
12
153
58
60
5
67
26
116
5
64
122
145
174
4
92
120
5
133
70
119
25
148
90
4
152
152
68
27
173
166
21
46
177
163
20
157
95
171
151
26
118
29
28
18
78
31
78
41
32
114
127
20
88
163
35
142
101
47
141
74
64
39
58
168
69
108
49
159
160
157
138
56
6
129
156
22
17
159
29
151
116
77
135
126
99
135
83
104
122
25
89
65
79
150
58
131
8
144
130
155
50
122
92
150
145
15
131
95
16
86
46
32
95
99
105
118
136
73
148
97
135
136
34
24
96
73
68
43
161
119
135
53
116
39
39
96
67
74
97
64
92
124
63
115
102
124
169
51
141
56
27
51
12
131
43
106
73
154
146
69
46
13
88
150
95
166
13
122
135
134
164
12
107
121
30
47
49
43
84
79
57
23
146
82
128
35
8
170
164
111
54
69
58
89
93
88
165
152
71
74
7
148
48
114
139
36
123
83
143
6
38
86
141
14
177
50
29
138
97
4
114
39
90
120
5
148
57
144
160
137
148
73
36
82
6
130
90
131
3
34
54
166
66
16
33
143
48
41
92
125
132
122
143
120
21
83
46
28
138
163
121
77
175
58
50
23
134
18
98
131
56
81
136
75
31
151
67
14
178
26
84
11
60
147
17
22
6
103
80
131
73
31
67
17
133
118
53
85
130
7
6
89
120
151
133
16
11
89
61
158
127
21
149
26
162
6
78
8
108
170
46
151
30
76
151
66
152
21
140
64
80
161
27
158
80
174
103
146
158
103
126
99
67
12
106
178
175
177
134
167
149
159
176
7
68
141
108
63
164
45
14
165
39
31
104
84
54
24
73
104
44
82
28
170
86
117
43
22
113
117
50
130
175
8
50
153
26
53
119
2
106
85
127
156
111
119
140
83
171
98
111
164
56
133
117
152
64
3
4
141
104
78
160
87
43
100
154
130
6
122
171
133
121
166
158
106
84
98
150
123
26
18
61
137
124
178
124
7
110
54
176
63
59
123
111
54
149
14
143
21
127
107
29
93
97
6
84
39
84
17
173
73
102
123
137
78
126
154
102
38
108
19
120
156
177
101
132
93
98
84
20
173
111
0
103
39
131
99
59
128
3
11
55
164
3
143
32
152
97
165
90
171
158
37
6
163
79
82
39
96
51
33
5
102
12
120
25
114
64
78
125
168
8
131
4
47
169
170
153
13
65
158
162
20
107
58
15
148
63
152
51
65
107
98
179
82
174
169
118
132
154
114
92
133
46
96
141
102
4
172
21
86
7
41
32
142
88
145
79
103
99
75
141
109
81
5
122
163
123
118
30
29
60
152
45
8
13
134
159
148
106
13
104
32
113
141
97
124
71
147
96
8
11
156
54
121
176
37
61
65
93
16
43
133
102
118
41
128
92
37
88
169
23
169
2
43
116
126
161
150
97
125
172
96
85
55
64
177
53
166
98
102
32
123
28
54
124
126
27
78
83
136
76
66
104
121
92
101
28
19
51
43
164
55
172
44
161
73
9
136
25
137
22
35
70
151
89
78
35
41
43
38
66
167
99
112
4
135
3
56
57
35
84
54
30
74
15
41
125
168
85
91
19
91
176
158
119
123
154
83
140
103
81
126
57
9
27
157
130
137
179
12
64
50
9
52
73
107
72
170
111
130
116
27
69
145
76
116
84
49
120
52
107
28
11
139
33
61
82
89
121
111
66
50
164
174
3
46
155
153
131
98
118
68
93
118
23
170
121
176
5
163
93
72
109
118
135
141
7
173
177
47
155
141
97
109
128
117
6
152
86
49
70
70
172
59
174
171
46
11
106
75
176
140
4
168
144
95
32
158
116
11
43
153
111
6
135
118
175
147
2
129
79
114
164
72
54
8
162
125
12
103
47
147
148
31
131
45
123
23
68
149
112
67
52
83
28
34
68
115
24
154
27
67
68
99
161
140
154
153
115
171
66
165
90
40
48
152
144
103
99
44
111
80
50
130
164
21
88
156
24
4
143
113
28
22
36
22
58
96
138
111
106
102
134
45
171
163
71
40
56
138
178
11
138
85
63
156
170
105
165
113
69
154
85
46
14
116
37
136
71
102
67
114
31
105
50
103
95
16
89
6
49
29
42
106
160
94
158
143
160
71
82
68
143
159
108
141
95
87
13
144
125
14
80
9
58
19
61
98
79
86
27
169
115
141
128
47
178
13
112
157
76
156
65
0
94
107
137
23
61
136
29
127
1
34
48
172
29
164
26
80
100
75
129
42
96
19
93
48
42
175
58
54
89
58
121
144
37
158
138
131
23
67
26
129
112
56
66
172
63
127
177
57
138
110
155
21
102
174
152
69
20
148
116
67
162
47
133
163
118
22
142
145
162
91
34
34
97
167
37
42
179
2
105
148
131
73
166
124
145
31
106
156
76
159
174
174
122
174
63
48
121
71
40
125
12
165
131
152
62
106
14
105
157
119
33
62
84
89
117
117
18
133
100
160
51
110
45
66
166
156
154
40
16
93
72
130
102
34
130
101
4
74
152
21
172
36
101
146
111
154
12
162
114
96
138
63
129
67
109
88
5
138
40
82
0
120
178
78
92
85
176
131
16
26
50
50
171
163
127
132
153
150
97
121
167
8
101
76
92
19
102
76
3
97
47
138
141
63
157
117
152
80
160
89
153
95
7
150
74
76
72
134
75
92
60
44
178
19
94
108
6
30
134
139
100
163
110
39
55
5
97
138
131
154
57
31
128
39
78
69
114
162
88
87
112
133
10
37
43
49
23
15
81
135
128
59
17
33
41
50
63
22
71
148
84
78
136
10
96
157
115
128
153
76
141
161
157
127
114
108
155
176
149
24
159
83
71
73
150
69
133
164
48
154
90
156
151
17
59
178
77
28
170
145
117
17
104
131
104
100
166
103
150
40
83
49
28
177
53
3
51
157
65
62
28
170
30
122
126
82
3
83
161
134
169
90
13
58
50
144
76
82
60
65
116
35
132
80
9
126
119
4
38
55
68
157
70
46
3
9
44
58
111
176
68
131
56
61
54
69
166
7
97
89
10
117
152
140
92
147
137
112
123
116
174
49
108
61
69
135
134
166
24
128
29
41
83
98
157
115
120
140
43
56
102
26
164
101
137
48
26
161
156
62
165
54
67
116
94
15
69
142
74
11
31
102
128
117
84
173
118
85
94
101
133
70
44
132
114
47
15
106
113
156
124
104
63
126
51
176
154
153
175
116
98
149
104
86
119
87
32
124
84
13
159
26
122
3
24
101
54
70
1
86
174
21
43
37
130
138
82
55
120
34
108
134
50
9
121
17
52
115
128
126
123
75
81
121
172
45
51
119
12
143
83
57
107
41
22
149
61
150
175
58
141
115
47
14
26
68
131
15
175
96
143
57
35
41
59
29
44
38
115
87
15
69
22
119
55
114
13
156
69
123
26
128
71
107
127
61
23
86
116
131
30
54
2
19
132
71
101
48
22
177
132
72
82
112
61
95
84
46
96
4
23
24
132
43
33
3
9
120
2
14
37
166
8
156
42
141
170
121
50
141
108
86
20
172
177
30
88
91
154
177
103
31
166
80
60
61
134
106
146
167
132
70
6
84
71
142
49
111
112
131
109
167
49
130
29
125
151
88
56
112
48
64
46
46
156
76
149
68
2
94
153
73
64
48
133
128
37
111
133
137
104
178
43
16
47
27
138
91
25
171
147
78
47
42
84
37
54
88
36
161
107
97
58
168
67
5
85
65
87
55
87
162
9
157
131
9
132
174
107
56
167
51
143
106
72
162
4
88
116
12
74
54
13
169
79
85
77
6
143
116
82
97
154
24
66
89
133
177
9
135
38
28
109
96
43
128
9
77
5
98
110
18
69
137
22
141
93
19
125
147
39
131
15
76
131
54
140
89
138
166
27
128
162
1
101
67
94
53
124
59
34
132
22
130
3
78
47
130
142
81
170
129
0
75
50
169
62
47
21
125
49
21
100
44
73
80
49
18
14
133
67
27
84
17
171
82
4
40
101
156
168
92
133
151
75
59
114
79
1
28
144
123
112
57
50
28
116
107
89
156
157
67
9
174
0
56
57
82
55
62
121
158
99
135
47
49
108
84
176
63
3
95
168
56
87
54
44
146
75
10
164
63
103
46
77
89
116
134
165
159
164
64
68
31
137
149
6
125
27
148
42
25
83
109
65
95
101
146
171
18
139
5
8
25
54
1
92
135
61
151
80
151
33
177
129
85
109
87
104
152
26
88
27
20
57
63
84
177
60
176
50
28
39
168
6
70
121
165
107
21
112
52
107
44
163
165
32
112
114
170
119
50
31
109
127
106
136
126
135
76
106
77
92
56
179
170
37
51
19
105
155
136
108
98
35
64
16
71
175
168
141
40
134
57
16
38
75
17
113
156
172
32
94
122
51
147
90
112
105
53
91
156
67
71
124
95
65
171
100
97
31
45
4
47
109
59
147
34
157
23
53
157
152
15
147
62
157
116
104
48
134
138
56
12
56
161
129
60
85
135
74
83
172
68
31
58
129
110
155
27
39
20
17
7
167
81
33
25
108
132
145
38
7
99
91
87
129
144
125
112
28
81
166
117
76
162
55
49
76
92
120
11
59
74
88
157
126
149
14
37
75
101
78
125
122
118
48
114
15
94
112
17
53
25
133
2
41
25
84
89
18
35
33
57
145
133
3
145
166
140
21
81
146
31
160
62
109
8
171
122
135
15
30
90
131
161
136
43
78
5
120
92
62
98
16
117
36
172
48
126
134
139
149
119
19
100
5
150
19
149
113
149
111
86
107
14
44
7
145
152
59
83
69
167
72
111
60
138
171
23
26
163
4
147
52
6
104
115
136
19
33
140
113
101
162
110
74
61
17
167
149
53
66
140
36
160
67
167
70
176
137
52
165
70
149
91
138
85
94
151
147
170
116
149
62
108
109
24
52
98
126
116
59
21
95
117
32
99
73
51
31
130
11
46
163
31
158
69
167
147
106
130
169
35
124
150
40
68
138
63
55
25
118
148
158
167
13
148
121
46
52
73
115
6
153
88
88
141
147
86
93
109
148
56
177
141
64
163
53
44
137
86
84
85
77
105
99
102
64
116
30
160
176
178
172
109
112
63
165
51
35
107
12
149
57
77
95
71
133
83
35
154
30
5
2
131
68
84
125
88
72
109
50
153
56
18
50
125
15
125
133
129
124
69
81
12
31
27
126
133
76
79
57
73
17
74
9
100
15
102
37
84
35
9
129
63
110
145
158
50
118
89
36
59
37
97
153
36
36
127
129
28
60
100
169
18
175
46
52
129
104
110
132
63
24
80
117
107
5
55
12
144
137
14
141
25
55
158
75
77
116
81
127
2
142
33
18
165
160
117
67
35
32
121
170
47
21
130
112
85
8
127
27
139
84
124
71
149
74
41
96
135
160
8
34
114
11
147
32
107
35
114
103
105
148
59
84
66
93
33
33
164
142
88
74
176
105
19
12
160
127
16
52
107
35
29
126
124
153
74
16
154
42
16
115
42
3
61
92
81
6
10
107
137
31
133
68
173
139
115
178
111
178
45
136
48
41
105
98
169
45
84
38
14
140
72
61
128
147
123
99
58
64
93
135
15
26
51
22
168
54
62
25
64
56
35
93
62
138
174
1
105
124
43
130
51
109
136
83
136
138
108
95
107
133
59
139
129
130
143
42
105
78
64
95
59
28
74
53
82
138
4
108
81
24
22
154
163
14
103
12
92
6
32
138
29
154
8
173
50
147
95
143
70
109
161
82
135
115
112
134
166
145
13
96
40
124
135
48
69
43
171
133
126
153
111
104
27
113
117
171
59
71
47
142
71
161
111
50
86
159
73
153
130
61
84
54
44
40
42
72
93
114
162
2
65
87
82
76
124
131
170
98
98
31
44
29
117
28
178
59
12
158
132
38
123
5
97
112
151
97
17
156
8
167
176
147
5
158
176
47
163
41
50
4
97
24
3
76
35
40
125
147
5
154
84
166
173
159
20
156
104
80
81
168
35
57
86
170
79
44
157
69
155
38
66
56
141
178
49
73
133
63
89
47
130
20
177
87
118
127
169
140
76
108
94
103
163
36
172
175
61
146
45
89
109
174
162
11
105
34
123
113
83
28
133
19
44
98
36
124
83
113
75
162
31
91
127
9
141
21
42
94
51
46
20
112
121
19
96
110
46
165
93
95
68
143
131
140
137
170
118
130
123
47
53
155
64
48
140
135
10
95
175
169
19
128
139
40
99
16
90
173
174
130
35
46
130
19
147
102
78
161
13
13
74
102
6
8
11
28
159
147
41
81
120
123
151
77
117
145
138
160
78
146
9
17
141
22
71
138
135
35
117
125
148
114
61
43
12
11
175
108
50
46
135
149
75
64
11
139
32
38
50
86
80
41
139
17
106
36
62
121
46
112
157
129
84
39
149
34
20
112
36
76
22
72
99
156
133
177
6
55
100
14
0
12
43
125
95
88
128
52
13
127
7
9
165
7
162
101
142
167
117
116
177
124
83
99
154
130
63
43
91
47
115
21
91
57
34
118
15
45
150
176
140
76
87
161
132
101
129
23
20
69
82
10
111
147
130
13
8
135
160
84
139
3
114
153
171
148
5
130
73
48
59
128
135
159
3
55
108
92
52
12
35
25
71
165
110
87
61
40
150
141
11
139
18
158
30
0
64
33
125
135
115
155
85
137
174
74
120
25
133
85
75
113
61
71
121
65
94
58
70
84
111
67
96
8
53
94
60
170
158
8
35
72
26
125
158
154
111
25
64
103
108
54
130
65
169
26
74
175
116
117
80
137
52
141
78
56
2
6
66
8
27
166
18
137
157
155
54
12
132
51
73
10
126
5
64
94
42
106
38
120
103
52
83
107
0
69
115
140
154
60
156
99
126
74
156
55
0
145
96
6
111
97
10
112
31
26
152
151
41
114
51
27
108
133
122
65
97
24
129
169
114
129
54
120
38
41
127
13
147
23
161
132
140
90
63
86
8
171
33
176
171
137
95
128
142
74
122
117
122
35
175
139
50
58
100
77
154
144
79
71
59
57
23
71
169
168
43
17
27
30
72
132
24
179
67
75
83
166
115
64
102
43
81
10
121
55
114
88
69
149
19
56
1
118
83
24
90
79
105
111
95
1
114
24
105
136
109
129
117
142
152
127
168
32
118
40
138
31
151
159
149
25
3
170
28
107
30
114
164
21
153
11
44
68
142
81
34
151
87
55
59
91
132
143
27
176
47
79
162
35
77
155
138
29
56
48
165
92
173
47
57
48
157
94
111
87
42
30
121
135
133
23
31
138
118
75
70
18
115
92
11
169
29
96
46
110
131
168
76
6
113
147
133
7
122
170
12
43
175
152
152
38
137
163
5
130
85
8
109
141
67
144
58
146
75
17
39
141
145
35
8
4
106
177
44
45
76
24
29
120
72
23
111
51
109
163
154
71
146
127
141
54
52
74
76
48
42
43
158
172
9
76
0
38
94
67
26
122
174
79
155
12
56
115
12
2
48
32
162
121
169
23
89
148
2
140
160
123
144
69
99
174
81
123
87
124
85
94
135
129
50
159
109
127
34
147
54
95
4
61
9
114
100
4
76
128
115
95
143
175
27
58
101
127
136
67
154
48
60
45
20
12
143
104
40
117
7
10
174
117
37
97
44
179
160
137
42
24
68
155
141
172
67
53
73
165
19
87
114
150
20
123
60
41
62
28
97
109
44
133
80
64
50
3
115
27
113
21
117
52
34
57
113
122
134
144
36
99
108
133
86
123
177
104
91
53
112
91
66
15
138
132
69
113
46
13
0
133
106
23
64
58
105
155
62
68
106
40
119
158
130
155
131
17
46
178
78
161
145
116
178
53
5
36
114
164
113
69
138
110
164
119
71
131
179
138
76
82
41
103
118
161
85
43
109
160
7
173
53
100
175
54
80
176
154
178
144
36
122
81
81
55
171
47
131
31
60
130
31
105
141
45
83
133
72
145
144
145
103
56
112
10
70
105
174
76
3
14
144
99
148
3
16
7
125
124
117
92
135
72
67
118
74
129
52
79
157
45
95
14
98
107
74
8
141
176
140
109
98
156
87
73
16
85
54
19
42
28
113
59
48
44
53
50
85
81
66
76
142
67
43
86
88
150
60
114
131
129
169
16
162
86
54
99
141
129
66
14
51
142
134
56
140
89
20
96
49
74
113
116
156
128
120
70
138
66
151
69
85
64
75
106
145
150
89
80
110
81
15
152
5
77
89
32
93
132
74
57
139
107
126
15
118
92
46
7
114
77
10
171
155
101
97
16
29
144
56
67
55
150
150
110
56
9
114
54
35
35
91
163
118
167
108
117
17
152
134
21
122
79
81
6
131
26
71
65
54
57
76
72
166
155
125
71
70
59
164
3
82
112
111
54
67
106
171
38
59
107
127
158
2
93
124
133
68
16
163
132
20
105
174
113
99
121
134
119
125
152
36
175
131
131
131
156
121
7
125
157
47
30
72
21
30
21
134
124
32
140
112
152
57
111
77
78
122
118
170
173
3
106
173
102
116
5
129
147
11
161
65
147
32
170
40
91
165
28
92
110
97
153
6
99
132
24
19
149
100
130
160
31
78
97
23
88
48
22
21
72
87
27
160
0
90
122
125
114
1
117
151
28
147
70
49
147
155
119
3
76
171
177
163
171
104
64
161
31
95
82
166
109
19
89
110
1
21
89
100
113
77
41
74
46
98
16
141
151
49
177
123
92
53
19
50
163
85
25
106
10
92
28
137
150
38
65
72
30
4
39
88
159
45
69
83
88
138
140
124
127
60
14
120
175
120
34
9
108
32
8
160
42
43
63
148
80
124
164
125
120
155
84
78
103
148
25
2
89
53
14
165
114
171
55
43
92
139
19
85
34
136
23
103
33
128
160
8
121
5
139
92
158
28
98
139
144
166
105
107
86
133
54
106
167
176
58
8
36
3
80
80
17
148
7
16
147
91
162
145
46
19
123
90
144
104
121
161
153
170
97
62
67
124
124
56
22
42
127
53
88
151
34
85
60
90
17
173
114
107
17
30
157
16
23
43
171
54
39
72
146
146
129
151
62
34
158
146
154
25
30
59
13
74
83
23
39
56
142
51
81
97
169
88
49
23
108
122
7
0
109
173
123
88
175
55
152
75
93
19
100
137
134
36
77
130
150
122
71
169
22
55
106
118
161
8
165
131
83
108
58
102
29
150
161
60
118
16
142
134
58
5
20
72
150
4
141
157
122
68
91
18
60
111
139
127
74
0
69
74
107
137
30
137
42
173
133
36
152
161
131
56
97
1
62
71
162
114
85
114
72
154
174
40
98
45
126
18
18
16
42
127
61
91
40
76
118
120
175
177
17
140
71
71
109
120
141
138
169
37
98
172
21
133
90
141
166
92
1
49
94
136
51
44
57
43
154
76
37
72
147
91
1
52
163
142
47
19
112
13
110
56
77
80
50
111
17
148
38
42
102
8
27
51
107
99
143
60
118
72
75
63
38
61
172
107
138
42
73
167
95
159
72
49
80
76
16
102
147
104
158
21
68
84
104
63
52
27
111
127
68
150
54
164
110
26
156
128
177
41
102
76
114
18
157
34
26
126
115
110
33
83
85
82
23
168
171
121
61
131
128
165
57
5
106
98
79
177
61
60
31
51
77
155
150
138
122
82
105
158
125
114
121
120
48
112
13
49
149
160
121
29
1
162
22
144
134
39
113
60
69
103
31
128
147
2
178
158
127
131
123
146
159
57
37
57
166
45
138
8
38
176
133
113
152
64
116
28
134
76
157
166
56
136
131
93
18
71
116
66
51
50
14
134
65
26
43
12
133
112
132
44
98
77
143
26
19
132
27
31
3
40
47
105
169
107
65
93
157
164
20
1
28
5
124
126
51
117
175
120
52
129
168
69
77
81
127
64
43
173
43
134
114
99
88
4
39
118
10
78
17
135
111
155
121
115
52
74
84
0
30
134
5
97
56
153
169
137
118
67
51
105
147
146
160
92
165
125
122
20
71
148
40
115
35
128
15
21
153
75
168
139
12
18
13
25
55
107
65
122
139
179
46
140
4
96
110
99
108
142
117
109
135
9
31
119
128
102
91
3
139
71
128
41
76
47
119
94
42
2
3
148
41
145
68
26
132
172
38
145
145
66
30
153
56
168
82
94
86
177
22
135
42
73
148
127
125
137
167
143
176
71
166
28
44
155
91
51
123
101
60
101
129
90
85
76
130
51
55
77
38
71
45
102
169
153
160
37
109
152
67
124
1
173
84
149
132
55
119
171
14
82
114
123
19
20
103
40
157
50
83
125
68
10
101
34
117
19
15
110
54
36
52
154
140
114
36
165
39
71
101
4
154
19
120
21
156
51
21
65
18
47
25
58
122
43
13
17
9
38
147
154
107
27
137
112
48
102
30
43
165
126
163
100
110
22
145
83
155
35
8
49
135
73
25
92
18
154
0
68
59
98
57
69
57
9
113
22
53
33
8
37
174
79
85
80
96
130
144
70
7
30
108
110
171
88
165
1
144
87
173
159
98
51
38
11
164
175
66
151
102
37
141
141
108
9
40
67
97
172
123
60
131
140
16
128
41
124
74
145
84
22
44
112
119
3
4
84
111
132
163
124
84
53
16
126
82
26
10
1
40
90
155
59
24
55
165
109
142
15
46
151
60
164
164
96
162
82
138
168
119
68
96
90
179
12
44
43
143
66
39
25
4
26
95
125
149
122
74
77
150
120
173
12
168
68
84
109
119
115
164
4
176
52
31
132
4
154
33
58
70
106
137
129
32
119
161
94
74
12
57
74
151
23
23
70
112
75
168
44
45
75
56
100
0
51
19
152
126
141
6
87
11
101
35
20
111
129
49
64
93
75
7
32
143
92
56
154
169
178
150
32
84
43
14
7
65
157
122
50
145
130
157
101
18
66
60
138
123
75
81
116
18
22
166
161
50
64
149
174
114
82
119
16
107
77
66
53
140
37
161
7
173
83
54
87
91
107
0
26
138
52
123
60
105
52
62
175
151
131
151
2
36
119
121
41
103
7
18
145
52
56
146
150
24
94
164
65
51
78
21
148
138
15
143
74
79
10
123
96
117
69
85
48
15
135
27
114
91
47
179
36
153
82
179
44
75
100
139
138
85
127
159
43
107
122
63
138
157
49
104
111
102
126
84
115
79
130
37
124
133
60
116
171
92
112
123
58
96
178
116
150
46
96
104
101
70
26
111
87
130
173
167
107
55
158
14
114
51
100
165
72
97
2
53
120
21
38
60
115
30
27
160
145
155
39
164
114
33
179
17
44
41
131
7
42
123
151
123
114
43
22
130
31
54
23
135
125
76
79
131
86
5
143
88
160
128
109
141
168
110
160
14
32
144
152
158
55
37
145
43
48
163
152
76
2
82
4
1
140
123
126
27
51
41
2
124
47
37
21
86
172
39
127
126
93
150
12
178
162
135
21
86
154
33
132
94
57
140
3
46
154
39
158
84
115
64
68
109
133
10
33
86
50
178
110
78
31
170
79
103
141
26
64
4
105
83
93
114
159
75
2
75
163
23
72
173
47
89
71
178
25
12
128
27
45
106
117
87
117
58
100
30
167
9
136
109
107
140
71
8
55
152
47
166
143
66
159
46
120
147
2
160
94
148
128
25
135
160
149
131
148
54
104
34
111
11
46
87
176
170
101
168
39
69
18
67
95
155
53
78
92
59
77
93
80
14
91
133
56
166
150
2
71
61
64
63
163
18
169
40
145
172
140
91
48
66
7
11
78
146
117
119
134
72
110
53
132
144
141
25
88
168
20
56
58
106
8
84
105
0
124
118
62
119
111
53
32
101
97
70
154
82
128
10
120
40
95
143
79
111
176
55
82
163
76
123
158
18
99
40
55
132
24
48
38
56
155
99
146
65
150
78
0
160
96
45
93
71
23
132
136
64
46
93
42
97
87
7
36
13
106
135
75
145
30
94
45
161
102
149
153
8
90
153
93
82
90
66
112
105
138
65
98
67
31
10
95
105
114
88
15
135
20
99
174
146
37
75
155
19
59
43
158
21
142
169
56
131
40
109
112
155
48
8
88
118
35
87
98
83
83
152
24
80
95
36
99
127
87
28
163
24
106
124
176
45
62
150
65
137
176
127
51
80
39
19
173
61
92
134
55
126
131
178
69
162
70
47
125
139
129
84
29
80
108
89
118
31
55
2
25
112
159
72
17
128
22
10
164
156
141
71
153
24
141
48
106
58
94
129
160
45
0
64
109
67
159
78
39
56
92
153
85
138
43
177
149
110
21
101
142
84
106
129
90
29
20
176
39
103
135
60
177
127
4
2
108
37
48
61
146
39
175
148
131
127
118
13
164
21
141
6
95
100
155
1
5
118
32
9
127
111
142
134
26
34
81
41
49
66
0
119
166
46
76
17
24
126
171
4
94
153
86
67
58
67
135
45
71
162
107
146
0
27
147
87
154
31
35
35
9
37
100
11
123
11
36
105
161
114
78
73
130
76
54
20
2
34
35
49
111
158
32
128
174
151
37
115
85
78
106
137
5
137
87
47
130
85
77
97
152
18
116
83
176
21
13
44
37
141
145
57
172
131
137
12
59
140
94
104
108
75
108
77
110
33
33
79
130
135
73
23
17
101
77
104
107
113
127
103
67
170
129
125
2
153
36
39
131
7
166
91
29
171
3
175
39
175
133
10
141
122
58
62
27
161
10
74
4
77
49
55
34
108
164
45
101
128
122
102
82
98
13
149
131
128
162
150
147
153
126
131
58
124
164
79
90
120
12
139
89
50
87
99
48
94
132
151
24
139
101
78
44
60
172
149
36
108
149
100
52
2
118
12
116
131
24
52
134
8
169
116
9
150
31
76
20
165
101
108
149
156
100
124
135
35
38
164
102
178
85
42
105
138
65
74
68
85
95
137
97
40
94
137
78
92
171
87
164
142
43
70
165
145
117
88
166
136
51
61
128
14
33
89
137
156
48
84
113
28
58
158
3
20
145
138
138
163
34
113
136
143
101
37
106
154
14
165
101
3
88
90
70
67
47
9
48
74
15
32
74
119
146
154
131
124
117
3
93
110
56
46
79
103
128
104
24
133
130
25
80
7
46
149
144
60
146
95
31
147
81
9
128
34
64
34
74
55
104
7
163
48
138
33
28
165
47
50
174
161
79
174
17
114
142
69
104
39
70
154
111
96
47
109
125
83
106
105
44
144
104
29
134
128
153
131
99
173
23
4
81
3
122
72
30
67
157
8
66
125
96
91
84
27
77
22
121
137
95
59
168
98
131
52
73
136
46
177
57
131
12
84
79
76
64
48
102
61
165
164
149
179
97
20
50
139
65
4
78
153
58
117
25
5
75
170
11
173
159
113
137
51
151
176
77
51
156
25
108
14
29
154
132
96
45
95
175
80
88
58
32
126
92
138
55
139
160
66
130
157
82
171
88
119
140
162
96
68
107
146
152
170
8
13
68
29
60
111
170
67
170
57
100
92
131
161
127
3
149
144
56
142
167
56
159
7
66
25
38
82
169
148
46
14
151
68
92
117
158
92
147
108
28
159
79
43
75
82
94
114
179
177
77
17
111
28
112
177
34
81
98
123
28
135
19
20
108
175
19
76
165
123
55
57
88
150
121
150
122
51
59
63
168
80
163
73
37
141
17
81
114
167
87
27
23
89
63
39
61
10
103
160
95
150
56
145
149
3
165
91
164
123
111
32
66
136
135
118
95
93
177
68
1
71
101
22
145
124
60
145
161
151
145
93
97
165
153
25
166
88
161
107
33
114
12
6
37
170
107
8
72
78
152
60
36
91
2
6
82
55
24
153
32
139
109
37
171
98
75
109
151
163
12
71
91
19
114
155
132
155
80
66
129
175
158
41
1
117
169
6
168
50
8
4
10
72
126
104
64
10
108
17
139
143
20
98
145
151
50
176
178
0
72
164
96
53
86
135
168
140
101
2
18
78
77
29
12
8
58
105
129
139
53
20
175
129
131
30
141
173
60
98
172
76
15
5
100
41
26
29
77
106
141
84
10
51
18
155
93
113
161
157
33
98
110
79
17
111
138
130
125
30
99
63
98
159
113
97
46
70
95
49
149
179
115
93
161
5
78
20
90
31
136
55
41
70
163
46
152
87
156
124
147
114
42
148
84
36
106
133
38
177
161
31
41
77
176
148
155
74
11
171
44
130
105
4
18
1
33
119
85
96
4
167
31
144
18
160
27
122
17
30
123
22
170
129
40
8
99
88
46
155
98
23
103
28
155
102
155
52
171
65
8
139
88
175
151
139
48
172
176
116
146
109
64
118
138
14
97
158
146
37
136
141
156
148
48
92
146
148
1
56
102
29
124
46
121
26
140
115
56
53
151
152
1
74
15
12
104
34
92
159
60
158
134
81
50
138
104
133
51
89
77
34
59
95
131
129
155
48
148
76
165
79
32
68
98
37
48
122
54
33
68
26
42
24
98
177
132
90
130
142
110
43
9
4
176
117
53
118
54
101
50
78
41
141
98
178
76
56
120
9
111
135
170
40
11
66
124
156
111
104
170
17
27
47
117
57
101
63
5
85
51
109
82
23
152
10
155
179
126
93
11
4
146
172
146
99
169
23
161
67
142
113
145
7
77
175
41
7
75
175
42
161
40
100
49
128
155
107
166
60
108
45
158
148
169
92
114
161
4
48
17
106
172
42
26
76
121
95
3
167
3
102
85
113
108
114
167
162
140
140
61
154
69
150
49
30
92
77
52
29
101
101
105
26
39
33
67
155
127
122
11
42
144
43
173
89
51
141
75
105
120
155
22
105
110
58
77
92
12
154
97
152
154
72
145
131
86
41
126
21
7
85
39
68
16
113
15
43
111
90
68
131
110
119
123
36
122
145
128
19
55
69
75
71
13
93
65
65
165
163
111
2
154
127
113
75
146
170
99
60
136
94
146
129
13
39
77
115
2
124
49
134
29
144
165
130
53
80
56
16
155
32
167
168
23
165
155
155
2
68
17
21
154
175
117
126
16
101
169
7
10
171
38
83
40
86
33
164
147
136
126
48
147
86
86
58
160
141
46
93
164
120
54
105
63
135
80
78
154
79
85
151
89
169
164
100
116
52
85
134
38
89
62
176
121
69
76
150
148
107
52
130
50
15
162
89
170
39
106
144
137
110
76
110
0
12
147
114
126
72
153
123
122
139
158
60
39
169
46
75
99
63
113
62
129
117
83
54
159
139
28
131
156
4
39
37
5
10
179
62
144
145
47
120
97
142
1
125
11
142
138
49
117
141
124
92
88
39
145
13
107
18
147
15
60
29
178
81
153
155
74
93
104
163
61
96
135
159
100
164
178
175
80
46
149
168
136
70
67
43
139
11
23
63
138
107
57
163
19
170
163
93
153
103
116
147
37
130
111
134
23
158
90
134
40
50
72
94
96
74
104
48
133
101
5
58
99
49
115
16
133
56
103
67
64
29
58
144
64
131
59
157
62
90
155
171
82
162
8
69
23
15
88
62
42
70
38
111
50
129
145
74
51
45
146
8
67
146
27
108
6
53
89
20
85
39
46
121
50
14
177
164
38
102
99
178
120
160
141
173
58
165
85
37
36
31
115
95
46
84
114
54
103
162
35
18
88
37
106
174
133
136
105
124
37
52
106
87
33
134
165
131
169
84
153
120
113
59
80
107
109
103
46
105
146
9
135
91
94
39
111
74
80
59
32
89
142
126
42
78
96
48
31
175
13
109
15
90
151
121
79
18
121
144
80
37
38
143
36
61
42
65
0
147
50
52
165
6
94
35
110
120
142
177
25
152
128
153
84
166
140
102
130
28
79
143
29
175
165
91
28
157
26
164
44
25
76
163
168
27
174
156
113
84
72
140
47
42
60
57
155
156
134
178
56
72
53
166
92
139
178
165
72
102
33
26
38
167
6
92
8
98
113
14
149
44
174
46
168
108
21
93
51
146
156
131
28
151
108
114
80
46
45
178
39
134
63
115
45
106
113
177
104
52
128
12
87
151
92
116
160
66
169
100
147
21
132
141
97
125
61
155
172
100
131
79
29
13
82
111
162
86
52
159
168
105
46
64
148
35
78
13
19
94
146
37
176
52
31
6
118
48
40
54
55
53
112
142
141
81
177
160
21
144
31
17
57
72
98
146
38
9
5
8
6
117
159
67
59
127
150
102
58
142
17
153
156
25
104
107
141
122
139
62
36
88
141
21
84
157
84
173
38
6
65
136
122
105
83
44
117
79
22
164
52
4
66
151
13
85
24
166
1
161
159
110
155
50
41
152
16
145
73
164
85
88
20
35
33
118
33
94
166
17
170
109
162
167
64
76
151
126
164
41
87
81
149
46
148
97
119
115
122
139
89
99
2
117
97
58
15
54
47
157
162
58
171
116
164
29
73
84
38
152
74
135
8
72
6
140
162
103
68
166
92
144
30
67
86
4
157
71
84
128
152
64
146
167
84
123
65
157
156
75
172
143
158
87
20
30
126
122
87
149
108
45
150
86
102
10
49
20
105
100
14
101
84
118
5
162
162
124
116
68
89
46
78
31
127
50
22
88
97
47
148
171
45
55
124
93
45
26
59
177
32
33
149
176
60
86
24
91
17
29
164
107
119
117
142
50
44
174
13
104
39
41
54
124
115
145
95
145
78
91
37
108
71
9
159
175
163
2
71
83
90
1
49
13
109
78
167
87
72
102
90
82
38
79
177
108
144
166
128
49
83
42
147
0
42
112
147
102
96
174
134
176
146
104
101
58
169
122
79
54
49
73
139
78
7
75
81
5
106
74
174
149
61
121
75
104
105
114
58
19
24
59
40
104
144
43
143
37
146
81
157
57
22
98
177
119
122
142
59
104
79
87
56
39
74
65
151
96
134
25
13
83
30
64
126
87
134
42
71
166
133
89
52
3
94
36
33
133
7
145
126
175
3
71
74
144
150
117
123
22
8
177
91
115
174
152
9
159
9
5
5
175
48
44
174
166
59
83
36
111
157
45
8
57
120
147
81
142
78
9
11
142
140
134
37
148
138
165
130
86
144
178
106
140
163
89
43
29
141
160
18
179
127
84
112
135
151
165
0
123
111
20
138
161
24
153
124
165
144
154
31
155
130
13
71
67
12
39
44
38
95
95
92
156
82
36
105
1
78
113
3
63
143
143
66
164
120
86
77
51
164
30
161
144
105
140
18
151
159
113
108
130
151
34
167
20
44
141
8
13
150
114
174
23
110
76
106
118
110
130
26
94
108
87
109
27
16
102
144
42
29
63
164
85
134
56
34
88
147
153
55
129
104
155
73
0
163
99
46
53
89
129
99
32
160
79
33
144
25
46
27
83
28
167
69
177
116
164
18
141
113
135
107
130
30
134
122
37
163
49
174
68
67
55
151
45
131
14
18
125
77
17
5
58
152
105
46
130
46
92
115
179
178
105
84
91
134
81
19
162
133
8
54
48
168
21
128
57
164
115
21
169
158
33
73
39
6
171
92
11
80
159
112
94
69
132
104
121
37
57
176
110
99
103
136
64
67
124
103
52
49
89
94
164
106
33
140
172
88
30
122
122
85
173
175
144
138
134
118
104
126
128
74
22
0
82
130
55
45
131
53
23
120
13
100
53
26
32
159
18
140
125
113
98
75
110
117
75
110
118
147
162
80
114
38
96
13
171
82
166
58
170
104
14
19
95
44
20
89
87
74
68
58
65
171
61
78
136
177
58
138
159
166
161
19
95
8
53
98
70
16
136
122
144
41
150
18
135
130
125
85
66
131
107
77
52
81
115
135
150
49
165
105
82
141
141
172
18
79
15
11
128
129
88
125
52
164
96
105
5
84
87
115
17
43
9
47
72
30
112
163
132
29
76
26
128
134
155
42
42
30
94
74
97
156
102
11
129
120
113
16
67
113
56
75
64
15
167
34
85
69
146
54
164
156
92
17
2
108
82
162
100
141
29
36
140
10
48
38
104
41
124
25
123
144
82
46
26
156
114
68
130
174
160
100
162
107
85
128
60
113
18
53
101
173
150
50
40
15
143
130
97
108
111
21
122
158
19
63
16
5
174
121
8
158
28
131
19
113
118
150
11
144
118
70
12
40
121
45
168
47
171
138
6
117
24
49
70
59
147
144
10
69
58
84
167
14
89
32
139
3
125
61
115
42
38
70
22
53
35
174
88
71
141
18
112
48
58
141
26
45
47
33
150
155
36
40
144
105
59
153
16
82
116
109
109
74
108
151
19
40
80
117
85
10
127
45
29
134
16
42
45
67
55
77
100
3
123
149
28
92
72
150
172
99
28
168
121
163
140
118
153
179
152
32
98
0
156
134
164
42
83
115
133
28
20
8
95
5
50
119
159
95
1
94
106
122
99
82
120
26
172
53
162
39
60
32
98
105
39
72
159
126
158
141
30
9
1
114
47
49
47
45
152
146
136
112
38
137
59
155
