11
11
13
23
42
50
60
64
68
88
94
98
98
112
121
127
131
144
149
154
158
161
164
179
167
156
151
151
139
138
134
125
109
107
107
100
97
83
75
65
61
34
16
12
10
8
7
7
9
10
16
18
23
24
31
34
40
40
70
85
88
93
114
116
118
122
122
132
136
148
152
157
158
160
163
167
171
172
174
172
169
162
161
160
159
157
155
153
151
149
132
121
111
109
101
87
86
61
45
45
36
36
34
30
29
16
5
36
40
47
52
54
56
62
68
76
79
80
81
100
113
128
136
138
139
145
148
150
155
156
159
161
165
169
169
151
136
135
133
131
113
111
101
95
78
75
51
44
38
23
15
13
13
9
8
5
6
8
29
50
74
81
90
98
98
101
107
109
120
120

4
10
14
22
23
24
30
32
35
38
45
66
67
67
76
79
114
117
118
129
130
131
131
139
147
149
157
165
173
176
171
164
162
160
156
151
144
142
141
140
134
131
125
125
116
112
112
99
96
94
88
78
77
64
55
49
45
42
30
24
24
11
6
2
3
9
9
10
37
61
62
63
76
80
81
99
115
122
132
135
138
139
140
140
147
148
149
152
153
153
159
176
180
175
175
165
156
155
152
149
143
141
139
136
132
130
130
125
125
122
122
113
89
84
81
77
75
59
59
58
53
40
34
32
29
24
18
20
34
57
99
129
138
142
143
145
151
156
171
173
163
150
148
141
137
125
121
117
117
113
107
103
99
92
70
65
46
30
28
18
14
12
8
6
3
8
18
42
60
62
74
87
90
95
114
121
131
133
143
148
162
170
175
167
157
156
153
148
144
138
122
118
116
99
82
81
77
77
72
61
51
50
48
43
21
21
2
7
14
24
39
42
54
54
90
106
107
109
112
122
123
128
130
131
