167
156
151
151
140
139
138
134
125
114
109
107
107
100
97
90
89
86
83
75
65
61
34
16
12
12
10
8
174
172
169
165
162
161
160
159
159
157
155
153
153
151
149
137
132
124
123
121
119
112
111
109
104
101
87
86
61
58
45
45
43
36
36
34
33
30
29
16
5
151
136
135
133
131
113
111
101
95
89
84
78
75
71
61
54
52
51
44
38
23
22
15
13
13
11
9
8
3

174
171
164
162
160
156
151
144
144
142
141
140
134
131
125
125
116
112
112
99
96
96
94
88
78
77
64
55
49
45
42
30
24
24
22
11
7
6
180
175
175
173
165
156
155
154
152
149
146
143
141
139
136
132
130
130
125
125
122
122
113
98
89
84
81
77
75
71
59
59
58
53
46
40
37
34
32
29
24
22
15
173
163
150
148
141
137
137
125
121
117
117
113
107
106
103
99
92
76
70
65
59
46
30
28
21
18
14
12
8
6
174
167
160
157
156
153
148
144
138
134
122
118
116
116
106
99
82
81
77
77
72
61
51
50
48
43
22
22
21
21
9
2
