11
11
13
23
23
42
50
60
64
68
76
83
88
94
98
98
110
112
116
121
127
128
131
144
144
149
152
154
158
161
164
179
167
156
151
151
140
139
138
134
125
114
109
107
107
100
97
90
89
86
83
75
65
61
34
16
12
12
10
8
3
7
7
9
9
10
10
16
18
23
24
31
34
40
40
47
51
62
70
70
81
85
88
93
97
114
116
118
122
122
132
136
137
143
146
148
152
154
157
158
160
163
167
171
172
174
172
169
165
162
161
160
159
159
157
155
153
153
151
149
137
132
124
123
121
119
112
111
109
104
101
87
86
61
58
45
45
43
36
36
34
33
30
29
16
5
10
32
36
40
47
50
52
52
54
56
62
68
76
79
80
81
85
87
95
100
105
113
128
136
138
139
145
148
150
155
156
159
161
165
165
169
169
172
151
136
135
133
131
113
111
101
95
89
84
78
75
71
61
54
52
51
44
38
23
22
15
13
13
11
9
8
3
5
6
8
24
29
50
74
81
88
90
98
98
101
107
109
120
120

4
10
13
14
22
23
24
30
32
35
38
42
45
66
67
67
76
79
95
98
114
117
118
122
129
130
131
131
139
147
148
149
157
165
173
176
174
171
164
162
160
156
151
144
144
142
141
140
134
131
125
125
116
112
112
99
96
96
94
88
78
77
64
55
49
45
42
30
24
24
22
11
7
6
2
3
9
9
10
24
37
61
62
63
72
74
76
80
81
99
115
121
122
132
133
135
138
139
140
140
147
148
149
152
153
153
159
163
170
176
180
175
175
173
165
156
155
154
152
149
146
143
141
139
136
132
130
130
125
125
122
122
113
98
89
84
81
77
75
71
59
59
58
53
46
40
37
34
32
29
24
22
15
3
18
20
34
35
41
41
55
57
60
82
85
99
102
125
129
136
138
142
143
145
151
156
162
171
171
173
163
150
148
141
137
137
125
121
117
117
113
107
106
103
99
92
76
70
65
59
46
30
28
21
18
14
12
8
6
3
8
18
38
42
48
48
60
62
74
87
90
95
114
114
121
121
125
131
133
141
143
148
154
162
170
175
174
167
160
157
156
153
148
144
138
134
122
118
116
116
106
99
82
81
77
77
72
61
51
50
48
43
22
22
21
21
9
2
1
7
14
24
39
42
43
50
54
54
61
90
106
107
109
111
112
122
123
128
130
131
