11
11
13
23
42
50
60
64
68
88
94
98
98
112
121
127
131
144
149
154
158
161
164
179
167
156
151
151
139
138
134
125
109
107
107
100
97
83
75
65
61
34
16
12
10
8
7
7
9
10
16
18
23
24
31
34
40
40
70
85
88
93
114
116
118
122
122
132
136
148
152
157
158
160
163
167
171
172
174
172
169
162
161
160
159
157
155
153
151
149
132
121
111
109
101
87
86
61
45
45
36
36
34
30
29
16
5
36
40
47
52
54
56
62
68
76
79
80
81
100
113
128
136
138
139
145
148
150
155
156
159
161
165
169
169
151
136
135
133
131
113
111
101
95
78
75
51
44
38
23
15
13
13
9
8
5
6
8
29
50
74
81
90
98
98
101
107
109
120
120

4
10
14
22
23
24
30
32
35
38
45
66
67
67
76
79
114
117
118
129
130
131
131
139
147
149
157
165
173
176
171
164
162
160
156
151
144
142
141
140
134
131
125
125
116
112
112
99
96
94
88
78
77
64
55
49
45
42
30
24
24
11
6
2
3
9
9
10
37
61
62
63
76
80
81
99
115
122
132
135
138
139
140
140
147
148
149
152
153
153
159
176
180
175
175
165
156
155
152
149
143
141
139
136
132
130
130
125
125
122
122
113
89
84
81
77
75
59
59
58
53
40
34
32
29
24
18
20
34
57
99
129
138
142
143
145
151
156
171
173
163
150
148
141
137
125
121
117
117
113
107
103
99
92
70
65
46
30
28
18
14
12
8
6
3
8
18
42
60
62
74
87
90
95
114
121
131
133
143
148
162
170
175
167
157
156
153
148
144
138
122
118
116
99
82
81
77
77
72
61
51
50
48
43
21
21
2
7
14
24
39
42
54
54
90
106
107
109
112
122
123
128
130
131

178
176
11
13
15
23
26
34
43
54
87
90
110
110
111
119
121
147
148
152
153
164
176
176
161
160
159
148
144
139
137
114
110
107
103
101
91
86
77
76
57
55
46
44
38
30
20
17
17
3
24
31
34
45
49
59
71
74
107
109
118
123
125
126
128
131
140
150
156
156
162
180
178
177
171
161
144
138
134
130
127
121
106
105
101
97
96
81
80
79
78
78
77
68
64
54
46
44
31
27
26
19
14
5
2
3
4
9
9
23
24
27
38
49
50
71
93
98
121
125
126
145
150
169
177
178
177
174
171
155
139
138
127
116
114
83
80
79
65
63
42
31
21
18
14
11
11
7
10
29
33
37
51
54
57
69
75
84
84
86
93
115
117
134
150
150
161
173
175
176
167
165
164
144
129
128
122
121
119
110
104
99
98
96
82
81
80
64
59
54
46
37
23
13
1
10
17
26
33
47
50
55
64
67
76
91
96
102
103
107
123
136
155
161
161
162
174
177
172
168
164
147
144
144
138
123
109
104
95
95
90
87
70
68
60
55
45
42
41
40
39
34
21
12
10
7
25
33
62
76
77
80
86
93
97
105
143
150
159
164
166
176
167
156
154
151
146
125
122
112
111
104
99
89
87
79
75
72
56
50
48
38
28
19
17
17
8
2
19
45
50
57
75
77
79
15
166
159
143
135
130
127
125
116
115
77
64
55
42
40
37
33
17
9
8
3
21
21
30
45
48
52
53
62
62
74
76
80
94
108
113
126
127
131
135
141
146
152
161
164
169
175
178
160
148
147
143
124
121
113
113
107
98
97
95
85
81
76
74
55
49
46
44
39
33
21
16
6
11
16
34
41
67
87
102
106
113
120
126
126
126
133
139
140
142
151
162
172
177
178
179
178
173
168
146
142
138
125
114
110
106
103
99
96
90
86
80
71
66
65
49
40
39
39
31
15
13
10
3
8
19
23
25
40
48
51
54
63
82
94
176
180
177
169
166
164
144
136
136
111
99
84
79
72
72
69
65
48
43
37
31
30
25
6
8
13
19
20
22
23
29
32
34
43
46
57
71
75
83
86
101
123
130
133
134
135
142
152
153
155
155
172
178
173
156
156
153
151
151
151
145
142
141
137
130
130
129
121
113
111
111
106
106
97
86
82
79
78
63
63
47
47
41
37
33
30
23
22
17
6
29
33
40
47
55
61
69
79
91
98
131
135
139
143
144
158
167
170
173
171
170
160
145
143
123
121
120
115
113
87
78
75
67
66
66
66
61
53
49
41
41
41
35
34
28
27
18
13
10
8
5
5
9
15
45
59
71
74
78
81
94
108
124
126
129
135
135
139
143
156
179
168
149

178
176
11
13
15
23
26
34
43
54
87
90
110
110
111
119
121
147
148
152
153
164
176
176
161
160
159
148
144
139
137
114
110
107
103
101
91
86
77
76
57
55
46
44
38
30
20
17
17
3
24
31
34
45
49
59
71
74
107
109
118
123
125
126
128
131
140
150
156
156
162
180
178
177
171
161
144
138
134
130
127
121
106
105
101
97
96
81
80
79
78
78
77
68
64
54
46
44
31
27
26
19
14
5
2
3
4
9
9
23
24
27
38
49
50
71
93
98
121
125
126
145
150
169
177
178
177
174
171
155
139
138
127
116
114
83
80
79
65
63
42
31
21
18
14
11
11
7
10
29
33
37
51
54
57
69
75
84
84
86
93
115
117
134
150
150
161
173
175
176
167
165
164
144
129
128
122
121
119
110
104
99
98
96
82
81
80
64
59
54
46
37
23
13
1
10
17
26
33
47
50
55
64
67
76
91
96
102
103
107
123
136
155
161
161
162
174
177
172
168
164
147
144
144
138
123
109
104
95
95
90
87
70
68
60
55
45
42
41
40
39
34
21
12
10
7
25
33
62
76
77
80
86
93
97
105
143
150
159
164
166
176
167
156
154
151
146
125
122
112
111
104
99
89
87
79
75
72
56
50
48
38
28
19
17
17
8
2
19
45
50
57
75
77
79
15
166
159
143
135
130
127
125
116
115
77
64
55
42
40
37
33
17
9
8
3
21
21
30
45
48
52
53
62
62
74
76
80
94
108
113
126
127
131
135
141
146
152
161
164
169
175
178
160
148
147
143
124
121
113
113
107
98
97
95
85
81
76
74
55
49
46
44
39
33
21
16
6
11
16
34
41
67
87
102
106
113
120
126
126
126
133
139
140
142
151
162
172
177
178
179
178
173
168
146
142
138
125
114
110
106
103
99
96
90
86
80
71
66
65
49
40
39
39
31
15
13
10
3
8
19
23
25
40
48
51
54
63
82
94
176
180
177
169
166
164
144
136
136
111
99
84
79
72
72
69
65
48
43
37
31
30
25
6
8
13
19
20
22
23
29
32
34
43
46
57
71
75
83
86
101
123
130
133
134
135
142
152
153
155
155
172
178
173
156
156
153
151
151
151
145
142
141
137
130
130
129
121
113
111
111
106
106
97
86
82
79
78
63
63
47
47
41
37
33
30
23
22
17
6
29
33
40
47
55
61
69
79
91
98
131
135
139
143
144
158
167
170
173
171
170
160
145
143
123
121
120
115
113
87
78
75
67
66
66
66
61
53
49
41
41
41
35
34
28
27
18
13
10
8
5
5
9
15
45
59
71
74
78
81
94
108
124
126
129
135
135
139
143
156
179
168
149
2
6
14
23
24
34
37
40
43
59
60
79
95
100
114
117
123
129
164
166
169
171
171
169
159
143
140
138
123
122
120
116
114
102
100
81
81
79
73
71
68
67
61
59
58
53
52
45
43
39
35
35
31
20
17
8
4
11
15
26
45
48
51
52
64
76
78
79
93
99
103
106
108
110
119
140
142
148
163
164
168
173
172
171
169
162
158
152
117
103
98
94
92
91
70
69
64
55
32
26
25
5
15
16
19
35
36
50
58
72
98
100
125
132
134
135
138
148
157
161
165
177
172
162
153
134
131
125
122
99
86
78
75
74
71
48
45
42
39
18
6
11
18
19
42
45
51
58
74
78
91
95
116
118
126
143
153
153
162
165
173
179
152
133
131
129
128
126
119
104
102
100
93
84
71
71
69
59
47
32
10
4
8
8
27
42
58
66
73
82
82
88
93
96
108
117
122
128
141
144
147
149
154
163
169
173
176
167
159
155
154
151
143
135
119
118
110
90
89
76
65
65
63
63
47
38
35
24
12
5
12
33
48
59
63
82
98
106
122
127
132
144
159
161
167
171
171
171
168
167
134
132
131
125
118
114
112
108
102
92
87
78
72
63
40
40
32
30
29
24
13
3
18
18
22
29
37
54
61
65
73
78
83
83
84
84
106
107
115
137
140
145
151
155
162
168
175
169
165
157
153
147
143
138
135
115
111
89
80
73
70
69
68
68
61
56
56
45
16
4
43
43
49
51
52
58
64
64
81
91
94
126
131
146
158
161
162
163
164
170
177
176
171
162
155
155
126
123
122
119
116
115
95
73
71
64
59
58
57
45
43
31
15
7
6
19
21
26
30
36
37
39
41
46
48
51
52
61
65
85
93
97
97
98
102
109
116
122
124
132
137
138
140
146
152
156
157
167
171
173
177
177
173
172
163
162
153
143
140
130
128
116
108
96
80
74
52
44
40
39
20
18
17
16
14
3
3
8
22
25
27
36
37
42
47
50
76
101
123
127
142
153
157
165
166
179
177
163
151
149
123
120
115
81
81
73
71
67
64
59
44
29
25
23
10
9
8
3
4
30
55
57
60
62
71
80
80
81
92
105
105
108
112
113
131
132
137
147
150
157
159
172
179
180
171
170
163
161
136
132

11
11
13
23
42
50
60
64
68
88
94
98
98
112
121
127
131
144
149
154
158
161
164
179
167
156
151
151
139
138
134
125
109
107
107
100
97
83
75
65
61
34
16
12
10
8
7
7
9
10
16
18
23
24
31
34
40
40
70
85
88
93
114
116
118
122
122
132
136
148
152
157
158
160
163
167
171
172
174
172
169
162
161
160
159
157
155
153
151
149
132
121
111
109
101
87
86
61
45
45
36
36
34
30
29
16
5
36
40
47
52
54
56
62
68
76
79
80
81
100
113
128
136
138
139
145
148
150
155
156
159
161
165
169
169
151
136
135
133
131
113
111
101
95
78
75
51
44
38
23
15
13
13
9
8
5
6
8
29
50
74
81
90
98
98
101
107
109
120
120
16
22
29
33
39
44
45
45
46
48
52
52
54
54
58
79
81
86
113
119
133
141
147
159
160
160
170
172
174
177
178
178
173
166
162
155
131
130
123
99
99
85
75
71
66
65
62
51
48
46
43
38
31
27
23
22
22
21
18
17
16
1
16
23
33
34
47
48
71
73
76
81
82
98
101
104
106
111
113
114
122
126
126
127
133
135
137
147
155
161
178
178
175
165
160
152
148
144
142
126
122
117
79
76
72
71
61
59
47
43
42
38
28
16
16
12
2
2
1
3
16
21
41
42
45
57
64
73
77
86
89
94
118
122
123
131
131
137
149
170
163
163
145
142
131
129
128
125
124
121
120
116
115
112
90
84
80
79
79
66
58
57
51
49
46
42
30
28
7
6
13
16
19
22
55
57
58
71
81
85
91
99
100
104
106
110
120
133
142
148
152
157
158
159
162
168
168
170
176
175
171
167
159
154
149
138
137
115
114
92
82
82
78
70
69
67
62
62
60
43
43
36
27
25
8
18
26
32
36
42
49
61
63
66
73
83
88
91
93
99
100
101
102
107
109
114
6
6
10
12
13
13
24
34
43
86
86
86
88
89
117
118
125
126
129
138
140
149
161
170
174
175
174
173
166
160
148
145
137
137
133
116
106
97
95
93
86
76
71
54
46
46
35
1
12
12
27
41
42
44
47
54
70
72
75
77
93
95
96
98
106
115
121
122
127
130
136
169
167
164
159
155
136
135
128
121
114
102
98
95
90
86
72
69
55
50
44
40
33
23
14
8
12
19
23
34
37
42
47
55
69
73
78
92
103
120
125
143
148
156
178
164
156
155
153
143
136
135
129
124
111
108
104
98
98
92
86
84
82
82
81
79
79
59
52
52
48
43
42
41
35
33
30
1
2
21
30
35
55
55
58
60
61
79
82
86
91
95
104
104
112
120
136
138
139
140
142
161
166
168
170
176
164
161
150
143
139
137
120
113
98
91
84
77
65
64
61
59
59
52
49
47
42
41
28
27
26
15
15
5
12
47
51
55
72
90
103
125
131
136
140
143
148
152
156
161
166
173
179
177
169
164
161
157
156
155
151
147
147
146
141
140
137
134
125
100
97
69
63
52
52
51
47
42
26
24
12
9
6
15
15
18
18
20
23
24
25
30
34
34
44
53
54
60
70
74
77
98
108
109
111
115
118
123
131
139
145
146
171
171
178
168
167
155
142
132
125
113
97
97
89
83
80
70
67
62
47
39
20
18
17
14
12
8
26
28
28
30
66
67
72
74
83
87
91
92
110
114
114
116
122
128
133
133
136
137
139
140
146
162
163
166
167
161
159
156
154
150
149
149
143
143
130
102
91
81
79
70
65
63
62
57
57
52
45
36
25
15
3
19
23
25
45
64
81
90
98
102
103
114
115
119
123
133
141
142
142
173
175
174
169
163
157
142
132
129
118
105
101
89
86
23
25
36
36
36
60
63
64
81
90
93
108
116
116
116
121
126
138
145
171
175
177
172
164
163
145
143
140
135
130
122
101
87
71
69
66
51
51
47
29
18
18
2
8
20
25
29
30
39
63
85
91
101
115
119
120
7
12
15
16
21
25
27
28
36
36
45
48
49
60
67
70
81
93
98
111
130
144
145
150
160
161
164
168
171
176
176
157
143
142
141
140
139
136
134
131
123
122
120
110
110
97
96
96
90
52
51
49
48
41
25
2
2
14
14
19
20
28
33
34
35
38
40
52
70
78
78
79
82
82
85
90
98
99
100
120
125
132
135
136
146
153
157
159
166
169
172
159
149
146
142
135
129
128
123
107
99
67
66
59
57
56
54
49
40
40
33
13
11
4
3
1
21
22
22
23
43
43
53
53
70
79
98
100
103
107
112
114
116
123
127
131
131
134
138
149
158
162
163
173
179
170
166
153
149
147
146
139
137
135
130
129
119
117
114
99
97
97
89
89
85
71
70
60
48
46
43
37
34
32
30
30
30
26
26
20
19
16
6
16
23
36
39
40
41
48
49
56
66
67
82
87
89
90
95
113
116
120
126
132
133
141
142
143
144
146
152
157
168
172
179
174
159
152
148
138
138
135
131
120
90
86
71
71
68
65
62
58
38
37
19
14
1
9
24
39
42
47
59
74
79
97
106
107
111
111
113
115
122
123
124
125
125
135
136
141
142
143
145
159
160
163
168
176
176
176
172
165
162
153
148
147
134
130
125
103
91
84
83
66
64
59
52
49
44
16
13
16
39
41
50
58
74
74
76
83
93
95
96
97
104
104
108
110
110
121
123
125
133
140
155
178
171
169
149
134
125
108
105
97
96
94
90
85
82
82
69
66
66
59
56
49
45
45
34
25
25
10
19
23
27
36
37
41
44
54
62
68
95
97
104
119
121
124
126
132
133
149
150
157
159
164
171
175
168
161
151
151
150
147
142
141

178
176
11
13
15
23
26
34
43
54
87
90
110
110
111
119
121
147
148
152
153
164
176
176
161
160
159
148
144
139
137
114
110
107
103
101
91
86
77
76
57
55
46
44
38
30
20
17
17
3
24
31
34
45
49
59
71
74
107
109
118
123
125
126
128
131
140
150
156
156
162
180
178
177
171
161
144
138
134
130
127
121
106
105
101
97
96
81
80
79
78
78
77
68
64
54
46
44
31
27
26
19
14
5
2
3
4
9
9
23
24
27
38
49
50
71
93
98
121
125
126
145
150
169
177
178
177
174
171
155
139
138
127
116
114
83
80
79
65
63
42
31
21
18
14
11
11
7
10
29
33
37
51
54
57
69
75
84
84
86
93
115
117
134
150
150
161
173
175
176
167
165
164
144
129
128
122
121
119
110
104
99
98
96
82
81
80
64
59
54
46
37
23
13
1
10
17
26
33
47
50
55
64
67
76
91
96
102
103
107
123
136
155
161
161
162
174
177
172
168
164
147
144
144
138
123
109
104
95
95
90
87
70
68
60
55
45
42
41
40
39
34
21
12
10
7
25
33
62
76
77
80
86
93
97
105
143
150
159
164
166
176
167
156
154
151
146
125
122
112
111
104
99
89
87
79
75
72
56
50
48
38
28
19
17
17
8
2
19
45
50
57
75
77
79
15
166
159
143
135
130
127
125
116
115
77
64
55
42
40
37
33
17
9
8
3
21
21
30
45
48
52
53
62
62
74
76
80
94
108
113
126
127
131
135
141
146
152
161
164
169
175
178
160
148
147
143
124
121
113
113
107
98
97
95
85
81
76
74
55
49
46
44
39
33
21
16
6
11
16
34
41
67
87
102
106
113
120
126
126
126
133
139
140
142
151
162
172
177
178
179
178
173
168
146
142
138
125
114
110
106
103
99
96
90
86
80
71
66
65
49
40
39
39
31
15
13
10
3
8
19
23
25
40
48
51
54
63
82
94
176
180
177
169
166
164
144
136
136
111
99
84
79
72
72
69
65
48
43
37
31
30
25
6
8
13
19
20
22
23
29
32
34
43
46
57
71
75
83
86
101
123
130
133
134
135
142
152
153
155
155
172
178
173
156
156
153
151
151
151
145
142
141
137
130
130
129
121
113
111
111
106
106
97
86
82
79
78
63
63
47
47
41
37
33
30
23
22
17
6
29
33
40
47
55
61
69
79
91
98
131
135
139
143
144
158
167
170
173
171
170
160
145
143
123
121
120
115
113
87
78
75
67
66
66
66
61
53
49
41
41
41
35
34
28
27
18
13
10
8
5
5
9
15
45
59
71
74
78
81
94
108
124
126
129
135
135
139
143
156
179
168
149
2
6
14
23
24
34
37
40
43
59
60
79
95
100
114
117
123
129
164
166
169
171
171
169
159
143
140
138
123
122
120
116
114
102
100
81
81
79
73
71
68
67
61
59
58
53
52
45
43
39
35
35
31
20
17
8
4
11
15
26
45
48
51
52
64
76
78
79
93
99
103
106
108
110
119
140
142
148
163
164
168
173
172
171
169
162
158
152
117
103
98
94
92
91
70
69
64
55
32
26
25
5
15
16
19
35
36
50
58
72
98
100
125
132
134
135
138
148
157
161
165
177
172
162
153
134
131
125
122
99
86
78
75
74
71
48
45
42
39
18
6
11
18
19
42
45
51
58
74
78
91
95
116
118
126
143
153
153
162
165
173
179
152
133
131
129
128
126
119
104
102
100
93
84
71
71
69
59
47
32
10
4
8
8
27
42
58
66
73
82
82
88
93
96
108
117
122
128
141
144
147
149
154
163
169
173
176
167
159
155
154
151
143
135
119
118
110
90
89
76
65
65
63
63
47
38
35
24
12
5
12
33
48
59
63
82
98
106
122
127
132
144
159
161
167
171
171
171
168
167
134
132
131
125
118
114
112
108
102
92
87
78
72
63
40
40
32
30
29
24
13
3
18
18
22
29
37
54
61
65
73
78
83
83
84
84
106
107
115
137
140
145
151
155
162
168
175
169
165
157
153
147
143
138
135
115
111
89
80
73
70
69
68
68
61
56
56
45
16
4
43
43
49
51
52
58
64
64
81
91
94
126
131
146
158
161
162
163
164
170
177
176
171
162
155
155
126
123
122
119
116
115
95
73
71
64
59
58
57
45
43
31
15
7
6
19
21
26
30
36
37
39
41
46
48
51
52
61
65
85
93
97
97
98
102
109
116
122
124
132
137
138
140
146
152
156
157
167
171
173
177
177
173
172
163
162
153
143
140
130
128
116
108
96
80
74
52
44
40
39
20
18
17
16
14
3
3
8
22
25
27
36
37
42
47
50
76
101
123
127
142
153
157
165
166
179
177
163
151
149
123
120
115
81
81
73
71
67
64
59
44
29
25
23
10
9
8
3
4
30
55
57
60
62
71
80
80
81
92
105
105
108
112
113
131
132
137
147
150
157
159
172
179
180
171
170
163
161
136
132
132
132
132
132
132
132
132
132
132
132
132
132
132
132
132
132
132
132
132
132
132
132
132
6
18
21
34
50
52
66
81
94
94
97
124
150
154
154
159
165
171
176
170
167
156
146
141
141
137
124
97
94
93
83
68
61
59
43
41
33
23
11
7
48
55
79
81
82
84
94
99
102

2
50
50
53
65
68
85
88
91
92
104
116
120
124
126
138
147
152
161
176
177
164
161
152
148
146
131
130
120
115
115
110
92
79
70
66
16
14
5
22
23
24
26
36
44
50
51
55
59
59
66
73
77
83
92
93
93
113
117
118
123
126
132
140
141
149
163
167
175
165
162
146
144
142
141
140
138
126
125
121
114
111
106
104
103
100
89
83
67
59
58
44
42
41
40
34
32
31
15
15
8
5
3
10
20
37
38
39
49
54
66
68
87
89
90
91
95
97
109
109
110
117
122
126
127
134
138
140
151
163
180
174
159
151
148
138
135
134
105
88
79
74
74
73
57
48
47
45
30
30
17
12
25
33
35
42
45
48
49
65
67
73
83
113
116
123
124
131
133
135
135
136
146
150
153
158
170
169
143
133
125
121
118
118
106
103
97
78
70
59
58
52
50
42
33
30
18
4
12
13
16
19
20
25
27
30
32
37
42
47
54
73
92
93
96
101
106
110
110
118
120
122
134
136
143
144
168
175
171
170
168
164
157
155
147
143
140
135
122
111
111
78
76
69
57
41
20
16
8
8
1
2
2
7
38
40
40
43
61
75
82
117
121
124
124
130
132
144
161
162
168
179
178
172
152
136
134
119
118
112
98
81
72
63
61
52
49
48
43
38
5
2
18
21
22
26
38
42
42
50
50
59
61
64
70
78
84
94
99
106
106
118
123
124
124
125
127
137
140
141
143
145
149
175
169
152
148
145
144
127
124
123
117
117
110
95
94
91
78
76
68
57
53
44
29
29
28
10
7
3
13
18
24
33
36
39
42
51
66
72
76
82
104
105
108
122
130
142
157
165
170
174
176
176
179
178
164
162
147
142
125
121
115
96
92
84
67
64
55
22
20
15
6
14
19
22
23
32
42
47
63
64
66
67
72
83
83
86
103
108
110
115
119
134
137
171
172
173
178
177
171
171
159
146
138
112
111
97
93
81
64
60
59
25
17
7
7
8
15
23
27
32
37
46
60
70
74
84
91
106
109
111
111
114
120
123
126
128
137
138
147
155
160
161
162
164
180
166
163
154
154
147
147
133
110
105
101
77
65
53
34
31
16
6
5
1
6
13
30
34
39
43
51
56
65
75
82
83
84
86
95
118
125
130
137
145
148
149
158
173
179
180
146
146
142
141
122
101
98
93
90
84
76
71
70
58
47
43
39
28
8
5
8
36
37
40
43
47
54
58
64
69
72
80
81
81
86
94
101
107
116
137
141
150
164
165
174
172
171
162
160
159
157
147
135
132
130
103
98
91
87
80
78
75
58
54
43
43
36
34
31
29
20
16
14
13
6
2
1
7
9
14
28
44
47
53
58
77
80
88
88
91
105
106
110
111
112
131
139
147
148
154
168
179
174
174
160
158
140
134
127
126
120
90
86
79
77
76
69
61
50
38
33
33
28
2
9
11
20
32
53
61
73
75
95
109
113
126
138
144
150
150
162
164
172
174
179
173
169
168
163
157
155
153
152
149
142
141
131
130
128
127
120
116
109
89
88
75
70
59
51
50
37
33

2
3
14
15
40
60
81
85
102
115
126
139
141
171
168
166
159
137
136
133
123
114
113
98
48
32
19
2
1
2
3
17
21
48
55
67
74
81
143
146
147
170
169
151
151
144
139
136
134
104
74
69
55
37
21
18
9
27
44
66
93
107
108
111
113
160
157
156
135
132
103
101
90
79
62
38
38
21
5
6
16
51
55
73
81
92
105
131
151
153
154
175
160
147
128
108
95
94
85
81
74
58
56
34
32
19
16
19
24
48
55
60
68
69
170
146
146
133
122
118
105
73
66
63
59
56
32
31
22
22
21
19
3
2
7
9
44
59
62
70
96
99
124
149
178
164
158
155
125
122
94
92
85
80
76
61
45
44
31
22
18
9
11
26
46
48
78
79
84
110
114
135
137
154
172
162
162
154
146
138
130
124
115
114
109
94
87
81
80
78
61
45
16
6
10
18
60
66
71
79
101
107
118
118
157
135
125
122
121
120
94
76
47
39
36
23
19
3
13
28
30
57
61
62
66
81
90
114
131
134
134
135
137
155
160
168
169
171
168
167
160
131
114
112
107
68
62
57
52
51
40
33
29
27
2
18
40
42
44
99
130
141
177
170
166
158
145
127
127
93
90
69
67
60
45
14
12
10
3
11
21
52
58
63
80
83
85
103
106
107
112
151
156
159
168
164
148
139
111
107
104
89
84
74
70
55
54
46
43
39
37
16
14
13
2
43
57
59
65
70
71
84
120
141
162
163
171
168
167
163
157
153
152
150
132
132
124
119
116
113
105
102
82
70
68
66
51
51
49
37
36
12
31
34
48
61
64
73
75
103
131
151
155
165
168
177
180
172
169
153
129
116
101
98
72
57
48
19
15
10
43
51
61
69
77
108
148
162
178
169
154
142
127
111
94
93
92
91
76
66
65
6
5
35
44
45
60
92
119
149
153
157
164
166
169
172
178
168
152
106
87
82
72
71
61
57
46
37
23
6
32
88
107
119
162
169
168
165
143
131
129
127
127
122
96
96
89
86
81
74
74
59
48
36
5
7
22
48
68
70
71
77
87
91
112
115
122
173
176
152
140
127
126
119
99
94
94
50
47
44
43
36
31
3
20
24
60
95
101
121
130
137
143
147
170
147
142
140
134
129
123
116
114
102
88
74
71
61
50
42
34
28
27
13
10
21
30
30
40
53
56
96
114
122
128
128
157
137
131
100
86
84
79
66
49
48
17
4
50
53
59
75
84
99
109
120
156
158
171
166
165
137
127
115
110
110
80
68
58
34
9
3
6
7
34
37
41
46
64
66
75
75
94
95
109
113
122
138
144
147
159
160
174
163
158
136
135
129
123
94
92
36
35
15
7
26
55
59
92
97
99
117
147
147
153
174
170
159
154
152
134
134
132
116
112
98
83
82
80
55
38
29
16
6
24
49
60
62
63
64
69
158
159
176
155
122
118
107
107
92
89
81
79
28
22
20
1
22
26
29
59
122
126
158
164
170
171
175
129
107
105
72
69
58
54
22
7
21
34
47
59
60
68
81
81
90
120
123
151
165
161
158
156
148
130
128
126
123
120
120
89
41
26
10
9
8
4
3
11
15
35
40
55
67
79
82
97
100
101
111
114
131
134
135
152
155
166
172
173
176
148
143
120
106
89
70
59
16
13
19
20
45
58
72
82
107
128
137
137
138
146
153
158
162
167
172
173
175
171
159
130
110
105
89
87
78
74
71
69
65
45
30
9
14
35
50
57
91
91
98
108
112
126
158
180
168
157
157
156
130
126
84
80
70
68
39
34
26
13
