169
158
158
140
122
115
107
100
95
85
74
72
68
63
56
41
41
35
33
26
24
21
7
24
29
39
41
54
65
79
88
89
92
95
103
117
143
160
164
164
166
169
178
174
174
172
172
172
166
163
142
135
131
120
113
113
102
98
86
69
61
52
48
47
42
38
37
32
30
28
27
24
21
17
14
14
17
18
19
20
21
22
24
26
27
28
31
42
47
55
56
58
60
67
69
74
90
119
134
141
144
147
160
171
171
150
146
141
135
133
130
128
121
107
104
103
98
96
89
83
79
56
49
46
46
39
37
35
26
24
20
16
16
13
44
48
65
76
89
94
99
102
107
116
123
125
133
138
154
154
162
165
167
168
172
175
173
157
133
108
102
95
93
85
85
83
77
74
64
64
0
178
171
168
159
159
152
150
147
144
140
116
107
89
86
69
62
55
53
53
45
38
37
36
28
5
9
15
17
35
35
37
39
48
54
66
79
82
84
90
100
100
114
122
132
135
146
152
152
154
165
169
170
179
178
157
145
120
111
108
107
103
101
85
68
63
62
51
46
45
44
44
37
37
35
31
26
22
14
9
0
5
5
7
23
25
26
28
30
34
37
38
40
43
49
49
53
53
57
57
65
80
94
97
107
118
119
124
131
140
143
144
154
161
178
161
148
147
142
141
127
126
122
101
97
81
58
48
46
42
41
39
33
29
23
14
7
17
29
31
38
42
54
57
61
65
71
73
75
79
86
101
107
118
131
147
148
155
158
162
164
167
178
163
144
140
134
134
120
109
93
88
70
69
62
58
51
43
41
36
31
23
10
6
13
19
22
27
31
41
45
63
63
72
80
96
101
101
106
117
126
128
134
154
154
155
167
174
180
167
143
139
139
132
121
93
78
77
75
72
61
53
0
2
4
4
168
166
139
104
93
80
73
73
63
57
33
3
18
21
28
31
35
40
42
66
72
75
78
97
103
114
121
122
123
124
132
139
147
147
153
156
159
178
168
157
151
143
140
124
108
84
76
74
65
61
60
59
53
48
43
43
34
33
33
29
0
2
3
9
19
38
41
49
70
77
81
83
97
98
100
100
101
113
131
133
142
150
150
153
158
162
179
172
172
159
158
155
152
151
144
133
132
129
111
90
88
85
63
59
58
16
9
3
6
9
24
30
40
41
52
60
61
62
64
81
94
97
99
105
112
114
130
133
145
158
162
165
174
148
135
131
128
125
120
113
107
99
97
95
90
50
38
35
34
16
11
10
13
15
35
43
59
75
80
82
90
94
96
98
106
113
120
122
137
140
163
173
180
173
172
165
155
132
127
118
115
115
107
85
82
80
76
66
60
48
47
29
23
23
11
9
3
4
8
12
26
32
36
41
63
88
90
91
110
111
112
118
123
132
132
135
136
143
147
156
167
167
169
171
157
149
146
134
128
120
104
101
90
79
63
61
55
34
26
24
23
19
6
7
20
23
25
29
33
43
50
54
57
67
68
75
80
89
91
99
100
106
121
127
129
139
149
153
158
159
159
168
174
167
147
144
140
132
126
106
104
3
20
25
28
31
36
44
47
51
52
52
54
63
76
79
101
111
113
114
136
137
140
144
151
170
170
176
165
161
161
152
147
137
134
130
129
129
121
120
109
107
105
103
103
76
71
65
57
53
49
40
39
32
32
26
16
7
16
20
24
26
32
32
56
65
71
81
83
96
102
111
120
122
131
133
137
155
161
162
166
170
170
167
165
148
141
136
115
100
81
64
58
51
45
44
43
33
22
7
1
2
7
14
25
37
41
47
57
65
73
80
81
88
89
106
111
113
128
135
137
138
138
142
145
155
162
163
166
179
173
168
159
142
132
128
120
115
102
99
84
31
21
0
3
11
14
25
28
35
42
43
52
67
79
88
94
99
105
111
122
140
146
149
151
170
173
161
158
152
150
147
136
134
112
108
103
100
97
96
84
59
54
51
50
49
30
30
23
6
7
23
24
28
28
29
30
38
42
44
48
53
58
72
72
94
96
99
99
115
121
130
132
136
137
139
143
144
147
154
160
170
171
153
149
119
106
103
103
97
95
85
53
45
42
41
41
27
18
15
1
7
8
9
10
19
55
57
66
90
100
102
103
107
111
111
112
116
123
124
128
134
136
136
136
144
150
151
158
164
167
172
167
154
133
124
123
112
104
101
94
75
59
55
48
41
29
11
0
6
18
23
28
31
2
4
4
168
166
139
104
93
80
73
73
63
57
33
3
18
21
28
31
35
40
42
66
72
75
78
97
103
114
121
122
123
124
132
139
147
147
153
156
159
178
168
157
151
143
140
124
108
84
76
74
65
61
60
59
53
48
43
43
34
33
33
29
0
2
3
9
19
38
41
49
70
77
81
83
97
98
100
100
101
113
131
133
142
150
150
153
158
162
179
172
172
159
158
155
152
151
144
133
132
129
111
90
88
85
63
59
58
16
9
3
6
9
24
30
40
41
52
60
61
62
64
81
94
97
99
105
112
114
130
133
145
158
162
165
174
148
135
131
128
125
120
113
107
99
97
95
90
50
38
35
34
16
11
10
13
15
35
43
59
75
80
82
90
94
96
98
106
113
120
122
137
140
163
173
180
173
172
165
155
132
127
118
115
115
107
85
82
80
76
66
60
48
47
29
23
23
11
9
3
4
8
12
26
32
36
41
63
88
90
91
110
111
112
118
123
132
132
135
136
143
147
156
167
167
169
171
157
149
146
134
128
120
104
101
90
79
63
61
55
34
26
24
23
19
6
7
20
23
25
29
33
43
50
54
57
67
68
75
80
89
91
99
100
106
121
127
129
139
149
153
158
159
159
168
174
167
147
144
140
132
126
106
104
3
20
25
28
31
36
44
47
51
52
52
54
63
76
79
101
111
113
114
136
137
140
144
151
170
170
176
165
161
161
152
147
137
134
130
129
129
121
120
109
107
105
103
103
76
71
65
57
53
49
40
39
32
32
26
16
7
16
20
24
26
32
32
56
65
71
81
83
96
102
111
120
122
131
133
137
155
161
162
166
170
170
167
165
148
141
136
115
100
81
64
58
51
45
44
43
33
22
7
1
2
7
14
25
37
41
47
57
65
73
80
81
88
89
106
111
113
128
135
137
138
138
142
145
155
162
163
166
179
173
168
159
142
132
128
120
115
102
99
84
31
21
0
3
11
14
25
28
35
42
43
52
67
79
88
94
99
105
111
122
140
146
149
151
170
173
161
158
152
150
147
136
134
112
108
103
100
97
96
84
59
54
51
50
49
30
30
23
6
7
23
24
28
28
29
30
38
42
44
48
53
58
72
72
94
96
99
99
115
121
130
132
136
137
139
143
144
147
154
160
170
171
153
149
119
106
103
103
97
95
85
53
45
42
41
41
27
18
15
1
7
8
9
10
19
55
57
66
90
100
102
103
107
111
111
112
116
123
124
128
134
136
136
136
144
150
151
158
164
167
172
167
154
133
124
123
112
104
101
94
75
59
55
48
41
29
11
0
6
18
23
28
31
179
176
175
173
168
168
166
159
158
151
145
139
129
123
123
113
112
107
103
99
89
83
77
71
70
61
55
47
36
20
19
10
9
20
31
34
36
36
38
39
56
65
76
77
79
80
87
97
97
105
107
110
110
119
125
142
146
146
156
159
163
170
154
133
130
129
125
120
108
106
105
104
97
88
85
83
76
73
63
49
43
41
39
35
20
2
7
7
9
10
17
28
32
34
62
64
75
80
84
86
100
107
108
122
129
149
150
171
174
168
166
165
163
161
154
146
132
126
124
107
105
85
85
72
70
64
53
51
50
47
46
36
29
23
20
8
0
8
13
17
19
27
33
53
57
60
63
65
79
84
86
90
100
102
104
106
111
129
132
134
138
165
170
164
160
139
137
136
135
124
111
108
105
97
67
66
20
12
12
13
17
27
36
39
48
50
51
53
56
60
65
70
77
78
85
100
106
107
109
118
120
130
132
147
160
168
173
161
155
155
125
116
110
104
101
101
91
87
80
77
75
67
53
46
43
40
37
33
31
25
23
16
8
13
21
24
25
26
29
47
57
61
69
73
89
101
101
113
113
114
139
152
164
171
174
169
166
149
146
134
120
101
84
78
78
62
61
57
54
52
39
38
26
24
18
14
12
9
12
12
30
36
45
47
48
54
55
65
70
76
80
86
91
92
99
106
115
131
138
143
148
153
160
162
173
174
164
162
159
154
147
133
127
98
92
85
76
75
67
43
38
33
28
21
15
10
5
4
5
15
20
22
26
28
64
67
69
89
93
93
97
103
104
108
109
116
120
121
121
125
154
159
160
166
172
143
140
139
138
133
130
126
122
118
103
92
89
85
81
70
64
53
46
38
35
27
24
22
22
14
20
22
41
43
53
57
64
79
83
89
91
114
117
118
120
132
132
134
137
146
148
157
157
161
169
169
170
162
158
145
145
142
136
130
121
117
108
98
86
86
86
81
74
62
52
46
45
43
38
28
27
17
12
11
7
3
7
17
17
21
26
36
38
41
50
50
60
64
78
82
87
98
129
134
138
138
156
158
163
168
178
173
157
155
145
145
136
135
132
119
113
107
91
88
74
64
61
58
57
53
42
32
28
3
16
16
21
56
63
83
104
107
113
118
133
143
147
151
154
159
166
169
169
173
177
161
155
155
152
134
131
128
123
121
111
103
103
102
102
78
71
71
65
57
51
46
34
28
26
25
18
13
6
0
10
14
16
18
32
39
47
169
158
158
140
122
115
107
100
95
85
74
72
68
63
56
41
41
35
33
26
24
21
7
24
29
39
41
54
65
79
88
89
92
95
103
117
143
160
164
164
166
169
178
174
174
172
172
172
166
163
142
135
131
120
113
113
102
98
86
69
61
52
48
47
42
38
37
32
30
28
27
24
21
17
14
14
17
18
19
20
21
22
24
26
27
28
31
42
47
55
56
58
60
67
69
74
90
119
134
141
144
147
160
171
171
150
146
141
135
133
130
128
121
107
104
103
98
96
89
83
79
56
49
46
46
39
37
35
26
24
20
16
16
13
44
48
65
76
89
94
99
102
107
116
123
125
133
138
154
154
162
165
167
168
172
175
173
157
133
108
102
95
93
85
85
83
77
74
64
64
0
4
16
20
22
28
29
32
34
35
36
67
69
70
82
85
86
95
99
104
108
119
127
130
142
148
162
162
164
171
176
177
171
160
153
149
146
145
143
141
139
138
138
136
134
131
130
128
124
122
102
98
97
73
70
60
51
43
37
25
24
15
13
11
8
2
6
9
14
18
24
41
48
55
79
79
79
84
92
93
95
102
107
109
109
111
115
125
129
131
139
145
149
154
155
159
160
167
180
165
162
161
158
157
148
148
134
134
120
112
112
109
106
101
100
99
85
82
80
79
78
77
72
65
61
57
51
49
47
37
29
23
15
6
6
24
28
28
37
39
52
53
62
92
99
109
118
120
130
134
139
160
165
180
174
160
160
141
122
120
119
110
109
97
89
88
85
78
62
60
53
52
44
44
16
17
22
37
50
51
58
58
59
63
64
88
91
94
97
98
99
101
111
119
120
126
130
146
148
149
170
174
168
166
160
159
139
125
112
112
102
98
98
92
84
84
82
79
77
73
72
71
54
51
45
42
36
32
32
27
25
23
15
9
13
16
20
26
30
30
38
41
64
65
67
70
72
73
95
107
108
115
116
134
134
141
149
166
173
163
150
145
139
137
133
132
122
119
117
110
103
92
84
82
77
70
180
175
175
171
171
168
157
137
98
97
95
75
68
64
49
46
45
16
13
11
5
14
18
19
42
42
46
62
81
82
83
102
106
119
123
131
131
135
142
159
161
180
170
170
128
128
113
113
108
90
86
64
62
58
30
21
19
15
0
10
11
13
14
16
32
43
44
62
76
83
92
94
109
128
129
133
137
144
148
152
154
159
162
175
166
162
150
149
148
140
135
133
128
114
110
110
104
103
91
80
67
64
59
41
36
34
29
29
21
13
7
13
23
23
24
24
35
35
40
44
49
67
70
70
74
85
91
96
97
98
99
106
118
120
125
126
129
131
134
136
142
157
161
146
138
127
124
123
121
101
97
93
92
88
80
80
79
74
72
69
64
45
38
17
15
9
18
19
29
30
39
42
65
66
86
86
92
93
98
100
112
114
116
118
119
124
125
130
135
145
149
151
161
162
169
152
136
135
134
111
92
91
84
49
48
44
32
28
24
23
18
13
12
23
24
28
29
32
34
38
39
45
54
66
78
79
79
96
109
124
126
130
135
151
151
152
153
165
175
167
166
164
164
161
156
148
139
129
128
122
109
92
85
75
73
68
65
61
59
53
45
39
38
37
7
8
12
13
24
24
27
37
46
47
54
65
82
84
89
89
107
119
131
157
157
160
163
168
170
172
175
174
167
164
156
155
154
153
152
145
122
111
109
97
74
70
68
62
51
51
48
47
46
38
27
22
19
19
1
13
18
23
25
29
30
30
48
71
76
97
112
115
118
120
121
124
132
139
141
169
168
163
158
157
150
112
101
93
85
80
69
69
64
48
43
42
42
11
6
6
15
16
17
22
37
43
73
92
98
100
0
4
13
20
34
43
56
59
62
69
75
85
86
108
129
134
135
140
143
146
149
150
152
156
169
169
170
165
163
159
157
149
145
122
119
102
93
93
91
79
76
68
68
63
58
51
46
39
17
14
8
7
16
16
36
39
44
49
57
91
95
103
108
111
113
126
129
146
147
148
150
179
173
161
156
154
154
152
152
151
143
136
120
112
93
92
86
82
77
68
64
174
168
166
165
157
155
153
149
146
145
137
134
133
132
121
112
102
85
79
72
72
61
56
55
53
52
39
34
32
31
24
20
10
8
0
30
36
38
38
39
40
43
45
46
48
59
69
69
75
81
82
101
127
129
136
144
152
179
179
178
167
167
166
161
160
148
147
144
113
105
104
100
98
98
97
93
84
71
63
60
59
52
49
38
32
31
31
25
18
16
12
9
16
22
27
31
34
46
51
52
56
57
86
111
113
119
122
123
130
138
142
145
161
173
174
180
167
158
146
142
142
139
129
129
86
84
81
77
72
70
68
61
58
54
54
51
22
12
1
1
13
27
31
34
40
45
50
59
62
68
73
74
79
81
89
89
92
108
129
131
134
140
145
147
147
151
151
156
157
176
165
164
159
159
146
142
126
115
112
101
96
93
88
70
67
52
51
42
40
40
28
20
18
17
12
6
1
6
17
25
28
31
34
37
56
59
63
75
92
107
107
112
115
119
139
153
157
162
180
171
158
157
143
140
135
135
123
123
119
115
104
88
86
77
77
73
71
69
59
59
52
43
43
42
39
27
25
22
21
17
9
9
8
15
18
31
32
35
53
73
75
78
79
87
93
93
95
100
101
110
133
155
160
168
166
143
141
137
135
132
110
109
95
90
88
86
80
80
76
74
66
61
59
52
44
40
30
26
16
2
9
11
30
45
54
65
70
73
81
82
84
93
96
96
100
112
115
118
118
121
128
132
132
132
143
152
153
174
163
158
151
145
141
138
128
126
114
88
86
80
80
65
63
58
51
47
36
21
12
17
18
18
20
29
33
38
2
4
4
168
166
139
104
93
80
73
73
63
57
33
3
18
21
28
31
35
40
42
66
72
75
78
97
103
114
121
122
123
124
132
139
147
147
153
156
159
178
168
157
151
143
140
124
108
84
76
74
65
61
60
59
53
48
43
43
34
33
33
29
0
2
3
9
19
38
41
49
70
77
81
83
97
98
100
100
101
113
131
133
142
150
150
153
158
162
179
172
172
159
158
155
152
151
144
133
132
129
111
90
88
85
63
59
58
16
9
3
6
9
24
30
40
41
52
60
61
62
64
81
94
97
99
105
112
114
130
133
145
158
162
165
174
148
135
131
128
125
120
113
107
99
97
95
90
50
38
35
34
16
11
10
13
15
35
43
59
75
80
82
90
94
96
98
106
113
120
122
137
140
163
173
180
173
172
165
155
132
127
118
115
115
107
85
82
80
76
66
60
48
47
29
23
23
11
9
3
4
8
12
26
32
36
41
63
88
90
91
110
111
112
118
123
132
132
135
136
143
147
156
167
167
169
171
157
149
146
134
128
120
104
101
90
79
63
61
55
34
26
24
23
19
6
7
20
23
25
29
33
43
50
54
57
67
68
75
80
89
91
99
100
106
121
127
129
139
149
153
158
159
159
168
174
167
147
144
140
132
126
106
104
3
8
16
20
20
23
32
37
46
47
52
59
70
72
79
79
81
87
95
107
114
120
122
128
133
147
147
148
160
161
164
173
179
180
20
25
28
31
36
44
47
51
52
52
54
63
76
79
101
111
113
114
136
137
140
144
151
170
170
176
165
161
161
152
147
137
134
130
129
129
121
120
109
107
105
103
103
76
71
65
57
53
49
40
39
32
32
26
16
7
16
20
24
26
32
32
56
65
71
81
83
96
102
111
120
122
131
133
137
155
161
162
166
170
170
167
165
148
141
136
115
100
81
64
58
51
45
44
43
33
22
7
1
2
7
14
25
37
41
47
57
65
73
80
81
88
89
106
111
113
128
135
137
138
138
142
145
155
162
163
166
179
173
168
159
142
132
128
120
115
102
99
84
31
21
0
3
11
14
25
28
35
42
43
52
67
79
88
94
99
105
111
122
140
146
149
151
170
173
161
158
152
150
147
136
134
112
108
103
100
97
96
84
59
54
51
50
49
30
30
23
6
7
23
24
28
28
29
30
38
42
44
48
53
58
72
72
94
96
99
99
115
121
130
132
136
137
139
143
144
147
154
160
170
171
153
149
119
106
103
103
97
95
85
53
45
42
41
41
27
18
15
1
7
8
9
10
19
55
57
66
90
100
102
103
107
111
111
112
116
123
124
128
134
136
136
136
144
150
151
158
164
167
172
167
154
133
124
123
112
104
101
94
75
59
55
48
41
29
11
0
6
18
23
28
31
179
176
175
173
168
168
166
159
158
151
145
139
129
123
123
113
112
107
103
99
89
83
77
71
70
61
55
47
36
20
19
10
9
20
31
34
36
36
38
39
56
65
76
77
79
80
87
97
97
105
107
110
110
119
125
142
146
146
156
159
163
170
154
133
130
129
125
120
108
106
105
104
97
88
85
83
76
73
63
49
43
41
39
35
20
2
7
7
9
10
17
28
32
34
62
64
75
80
84
86
100
107
108
122
129
149
150
171
174
168
166
165
163
161
154
146
132
126
124
107
105
85
85
72
70
64
53
51
50
47
46
36
29
23
20
8
0
8
13
17
19
27
33
53
57
60
63
65
79
84
86
90
100
102
104
106
111
129
132
134
138
165
170
164
160
139
137
136
135
124
111
108
105
97
67
66
20
12
12
13
17
27
36
39
48
50
51
53
56
60
65
70
77
78
85
100
106
107
109
118
120
130
132
147
160
168
173
161
155
155
125
116
110
104
101
101
91
87
80
77
75
67
53
46
43
40
37
33
31
25
23
16
8
13
21
24
25
26
29
47
57
61
69
73
89
101
101
113
113
114
139
152
164
171
174
169
166
149
146
134
120
101
84
78
78
62
61
57
54
52
39
38
26
24
18
14
12
9
12
12
30
36
45
47
48
54
55
65
70
76
80
86
91
92
99
106
115
131
138
143
148
153
160
162
173
174
164
162
159
154
147
133
127
98
92
85
76
75
67
43
38
33
28
21
15
10
5
4
5
15
20
22
26
28
64
67
69
89
93
93
97
103
104
108
109
116
120
121
121
125
154
159
160
166
172
143
140
139
138
133
130
126
122
118
103
92
89
85
81
70
64
53
46
38
35
27
24
22
22
14
20
22
41
43
53
57
64
79
83
89
91
114
117
118
120
132
132
134
137
146
148
157
157
161
169
169
170
162
158
145
145
142
136
130
121
117
108
98
86
86
86
81
74
62
52
46
45
43
38
28
27
17
12
11
7
3
7
17
17
21
26
36
38
41
50
50
60
64
78
82
87
98
129
134
138
138
156
158
163
168
178
173
157
155
145
145
136
135
132
119
113
107
91
88
74
64
61
58
57
53
42
32
28
3
16
16
21
56
63
83
104
107
113
118
133
143
147
151
154
159
166
169
169
173
177
161
155
155
152
134
131
128
123
121
111
103
103
102
102
78
71
71
65
57
51
46
34
28
26
25
18
13
6
0
10
14
16
18
32
39
47
47
47
47
47
47
47
47
47
47
47
47
47
47
47
47
47
47
47
47
47
47
47
47
47
47
162
160
151
132
130
117
115
102
97
90
87
60
55
50
35
10
9
6
13
33
39
42
53
60
70
71
81
84
85
94
97
109
116
125
135
165
173
140
134
128
127
111
104
98
88
84
81
80
74
179
156
143
138
137
132
132
130
120
117
106
101
92
91
86
79
73
68
64
61
58
37
32
23
22
19
9
3
15
27
32
33
40
50
59
64
64
69
86
99
109
136
152
161
162
163
163
178
176
161
160
158
156
150
147
146
138
128
127
110
99
91
90
90
76
70
66
66
61
58
52
49
38
35
25
22
19
18
5
14
17
18
33
35
37
38
41
52
57
65
68
75
78
89
94
107
110
120
122
128
133
136
145
146
156
161
161
168
170
178
172
172
166
161
145
144
133
128
118
115
106
106
96
93
93
92
88
86
74
62
61
56
49
46
44
35
19
1
7
21
28
30
37
46
46
59
73
74
91
101
105
105
106
111
120
121
122
132
134
148
161
166
176
171
136
133
111
109
103
70
67
60
53
51
49
49
48
38
35
31
27
14
10
12
36
46
49
57
61
72
75
82
90
91
93
99
99
110
119
125
127
128
132
135
144
146
175
169
165
161
157
154
151
135
129
109
90
87
82
74
68
64
63
62
61
59
50
48
42
33
24
10
10
10
16
23
25
32
44
60
68
68
73
92
101
109
109
121
121
145
151
160
168
179
177
174
171
155
155
150
143
142
137
129
104
101
66
62
59
59
53
52
51
46
41
39
25
22
20
15
6
2
4
9
21
42
53
57
61
66
80
86
89
97
99
105
106
109
115
117
125
130
130
134
150
151
153
173
167
164
161
160
156
144
132
132
129
123
122
121
121
118
110
105
99
90
84
80
77
66
64
62
60
59
57
49
48
47
47
45
43
40
39
37
35
20
11
27
27
29
31
34
51
54
56
61
63
65
66
68
84
87
100
101
104
109
113
124
148
165
168
159
157
149
145
140
135
116
110
80
78
77
75
71
42
9
1
2
15
32
37
37
54
55
57
64
70
82
87
111
113
124
133
151
161
162
162
170
167
163
158
156
151
150
147
146
141
129
126
119
118
115
110
98
97
85
84
80
73
68
63
49
47
35
28
27
19
14
2
13
21
42
67
68
70
74
82
85
113
118
119
160
160
161
164
169
174
175
173
172
167
166
150
145
138
136
122
118
113
108
99
99
77
72
72
63
61
61
58
54
46
46
37
29
24
23
23
15
0
13
16
33
33
37
54
68
73
77
88
101
108
110
112
113
114
125
135
141
143
157
160
163
170
172
173
180
179
175
168
148
139
136
135
131
127
126
121
117
100
99
97
97
88
79
78
65
59
54
47
39
37
36
35
31
29
27
6
3
25
31
33
37
38
53
57
62
72
77
80
85
94
119
131
135
143
149
149
166
176
174
156
146
146
145
139
135
135
128
121
121
118
113
103
102
83
77
71
67
61
54
47
34
19
11
9
9
18
20
23
40
44
46
49
61
75
87
91
98
100
105
119
124
127
134
135
141
142
145
148
152
156
160
162
163
164
174
172
154
146
140
135
129
124
102
97
95
92
87
84
82
81
77
73
71
70
57
37
30
25
24
17
12
6
6
18
20
21
39
45
87
88
92
111
114
116
127
131
139
144
149
179
171
161
149
129
71
67
66
63
58
42
38
35
21
13
12
10
8
6
10
12
22
27
37
42
48
49
50
58
59
62
70
74
80
88
102
108
111
127
140
144