173
161
156
111
94
92
87
73
61
53
53
43
39
14
13
16
20
33
46
63
84
84
120
123
124
124
126
130
131
159
162
173
166
162
151
150
148
144
115
110
100
97
89
69
63
56
45
41
31
23
19
12
4
49
55
55
58
60
62
65
68
79
92
99
115
122
134
139
142
144
149
152
168
180
161
150
144
135
127
126
125
96
84
66
55
42
24
22
21
19
13
12
10
22
23
24
45
50
53
56
56
57
83
94
94
108
112
115
131
132
135
146
147
152
155
165
176
175
155
138
133
128
119
119
115
77
53
53
38
14
14
10
0
1
6
11
42
47
61
62
71
71
76
78
80
82
106
111
136
146
161
164
153
138
129
122
118
115
90
89
86
76
70
68
55
21
21
11
1
5
7
50
57
93
94
115
135
142
144
155
161
162
163
174
174
161
119
108
107
106
106
79
74
45
40
38
38
28
24
22
16
16
7
4
23
36
46
48
49
69
80
85
88
114
129
132
133
138
161
171
176
170
155
94
77
171
119
126
39
0
90
40
108
163
43
88
46
14
