173
161
156
156
147
126
121
111
94
92
87
73
61
61
53
53
43
39
39
14
13
16
20
20
31
33
41
46
63
84
84
93
94
103
113
120
122
123
124
124
126
130
130
131
157
158
159
162
164
168
173
172
166
162
151
150
148
144
115
110
105
102
102
100
97
91
89
69
63
62
56
45
44
41
31
23
19
12
4
10
27
49
50
55
55
58
60
62
65
68
68
77
77
79
92
99
115
122
128
134
139
142
144
146
149
152
168
180
167
161
150
144
141
140
137
135
131
127
126
125
111
97
96
84
84
81
66
66
55
45
42
37
35
24
22
21
21
19
13
12
10
16
21
22
23
24
32
43
45
50
53
56
56
57
64
83
90
94
94
96
107
108
112
115
130
131
132
135
136
139
145
146
147
152
155
165
176
175
156
155
138
133
128
119
119
115
111
81
77
68
66
53
53
38
35
25
23
14
14
10
0
1
5
6
11
16
42
46
47
47
61
62
71
71
76
78
80
82
105
106
111
128
136
146
160
161
174
177
166
164
153
148
144
138
129
123
122
121
118
115
109
90
89
86
76
70
68
55
53
47
41
39
21
21
12
12
11
1
3
5
7
10
19
24
41
50
56
57
64
68
93
94
98
98
114
115
135
142
144
144
152
155
161
162
163
174
174
161
124
119
108
107
106
106
79
79
74
63
58
54
45
40
38
38
28
24
22
18
16
16
7
4
23
36
44
46
48
49
50
69
77
78
80
85
88
104
104
114
129
132
133
136
138
147
151
161
171
176
170
164
162
160
155
115
76
92
147
97
94
49
77
171
119
126
39
51
33
0
90
40
108
171
30
163
71
106
43
88
46
20
170
14
