11
11
13
23
23
42
50
60
64
68
76
83
88
94
98
98
110
112
116
121
127
128
131
144
144
149
152
154
158
161
164
179
3
7
7
9
9
10
10
16
18
23
24
31
34
40
40
47
51
62
70
70
81
85
88
93
97
114
116
118
122
122
132
136
137
143
146
148
152
154
157
158
160
163
167
171
172
10
32
36
40
47
50
52
52
54
56
62
68
76
79
80
81
85
87
95
100
105
113
128
136
138
139
145
148
150
155
156
159
161
165
165
169
169
172
5
6
8
24
29
50
74
81
88
90
98
98
101
107
109
120
120

4
10
13
14
22
23
24
30
32
35
38
42
45
66
67
67
76
79
95
98
114
117
118
122
129
130
131
131
139
147
148
149
157
165
173
176
2
3
9
9
10
24
37
61
62
63
72
74
76
80
81
99
115
121
122
132
133
135
138
139
140
140
147
148
149
152
153
153
159
163
170
176
3
18
20
34
35
41
41
55
57
60
82
85
99
102
125
129
136
138
142
143
145
151
156
162
171
171
3
8
18
38
42
48
48
60
62
74
87
90
95
114
114
121
121
125
131
133
141
143
148
154
162
170
175
1
7
14
24
39
42
43
50
54
54
61
90
106
107
109
111
112
122
123
128
130
131

11
13
15
15
23
26
34
43
54
79
87
90
104
110
110
111
119
121
127
147
148
152
153
164
3
13
24
31
34
39
42
45
49
59
71
74
99
107
109
118
123
124
125
125
126
128
131
136
140
140
150
151
151
156
156
162
2
2
3
4
9
9
23
24
27
30
31
38
49
50
53
71
93
95
98
121
125
126
145
150
169
177
178
7
10
29
33
37
47
51
54
57
62
69
75
84
84
86
88
93
115
117
134
146
149
150
150
161
169
173
175
176
1
8
10
17
26
33
47
50
55
64
67
67
76
91
96
98
102
103
107
118
123
136
137
155
161
161
162
174
176
25
33
36
48
54
62
76
77
79
80
82
86
93
97
105
121
122
129
143
150
159
161
162
164
166
14
19
35
38
42
45
50
57
75
77
79
15
3
6
17
21
21
30
35
45
48
52
53
54
62
62
74
76
78
80
80
94
108
113
119
126
127
127
131
135
141
145
146
152
153
159
161
164
169
175
178
11
14
16
34
41
46
67
83
87
102
106
113
120
126
126
126
133
139
140
142
151
162
172
177
178
2
3
8
13
19
23
25
40
48
51
54
63
68
82
84
94
100
153
164
176
8
9
13
19
20
22
23
29
32
34
43
46
48
57
71
75
80
83
86
87
99
101
123
125
130
133
134
135
142
152
153
155
155
161
172
178
29
33
40
47
55
61
63
69
76
79
80
86
88
91
98
131
135
139
143
143
144
158
167
170
9
14
15
28
45
49
58
59
71
74
78
81
88
94
108
124
126
129
135
135
139
143
156
156
174
179

11
13
15
15
23
26
34
43
54
79
87
90
104
110
110
111
119
121
127
147
148
152
153
164
3
13
24
31
34
39
42
45
49
59
71
74
99
107
109
118
123
124
125
125
126
128
131
136
140
140
150
151
151
156
156
162
2
2
3
4
9
9
23
24
27
30
31
38
49
50
53
71
93
95
98
121
125
126
145
150
169
177
178
7
10
29
33
37
47
51
54
57
62
69
75
84
84
86
88
93
115
117
134
146
149
150
150
161
169
173
175
176
1
8
10
17
26
33
47
50
55
64
67
67
76
91
96
98
102
103
107
118
123
136
137
155
161
161
162
174
176
25
33
36
48
54
62
76
77
79
80
82
86
93
97
105
121
122
129
143
150
159
161
162
164
166
14
19
35
38
42
45
50
57
75
77
79
15
3
6
17
21
21
30
35
45
48
52
53
54
62
62
74
76
78
80
80
94
108
113
119
126
127
127
131
135
141
145
146
152
153
159
161
164
169
175
178
11
14
16
34
41
46
67
83
87
102
106
113
120
126
126
126
133
139
140
142
151
162
172
177
178
2
3
8
13
19
23
25
40
48
51
54
63
68
82
84
94
100
153
164
176
8
9
13
19
20
22
23
29
32
34
43
46
48
57
71
75
80
83
86
87
99
101
123
125
130
133
134
135
142
152
153
155
155
161
172
178
29
33
40
47
55
61
63
69
76
79
80
86
88
91
98
131
135
139
143
143
144
158
167
170
9
14
15
28
45
49
58
59
71
74
78
81
88
94
108
124
126
129
135
135
139
143
156
156
174
179
2
5
6
8
14
14
15
23
24
31
34
37
40
43
53
59
60
70
71
75
79
84
95
100
106
113
114
117
123
129
138
148
164
166
169
171
175
11
15
26
45
48
51
52
57
61
64
74
76
77
78
79
85
93
94
97
99
103
106
108
110
119
134
140
142
144
148
163
164
168
13
15
16
19
20
27
35
36
50
56
58
72
76
78
98
98
100
111
114
120
125
132
134
135
137
138
148
155
157
161
165
177
11
18
19
21
42
45
46
47
51
58
71
74
78
86
91
95
116
118
126
143
153
153
162
165
173
8
8
20
27
27
42
58
66
73
79
82
82
88
93
96
103
106
108
117
122
128
131
138
141
144
147
149
151
154
160
161
163
169
173
7
12
15
33
36
48
59
63
82
98
99
105
106
122
122
127
130
132
144
145
147
159
161
167
171
173
6
16
18
18
22
26
29
34
37
48
54
61
65
73
78
83
83
84
84
90
97
106
107
115
137
140
145
151
155
162
168
174
179
38
42
42
43
43
49
51
52
56
58
61
64
64
80
81
91
94
98
102
113
119
126
131
138
146
149
158
161
162
163
164
170
177
19
21
23
26
30
36
37
39
41
46
48
51
52
61
65
74
85
93
97
97
97
98
102
109
116
122
124
132
137
138
140
146
152
156
157
167
171
172
173
177
3
3
8
22
25
27
36
37
42
46
47
50
64
70
76
93
95
101
110
120
123
126
127
131
142
153
157
165
166
4
20
26
26
30
48
51
55
57
60
60
62
71
80
80
81
81
92
105
105
108
112
113
119
127
131
132
133
137
138
147
150
157
159
159
167
172
179
