11
11
13
23
42
50
60
64
68
88
94
98
98
112
121
127
131
144
149
154
158
161
164
179
167
156
151
151
139
138
134
125
109
107
107
100
97
83
75
65
61
34
16
12
10
8
7
7
9
10
16
18
23
24
31
34
40
40
70
85
88
93
114
116
118
122
122
132
136
148
152
157
158
160
163
167
171
172
174
172
169
162
161
160
159
157
155
153
151
149
132
121
111
109
101
87
86
61
45
45
36
36
34
30
29
16
5
36
40
47
52
54
56
62
68
76
79
80
81
100
113
128
136
138
139
145
148
150
155
156
159
161
165
169
169
151
136
135
133
131
113
111
101
95
78
75
51
44
38
23
15
13
13
9
8
5
6
8
29
50
74
81
90
98
98
101
107
109
120
120
