158
122
115
95
86
85
63
12
24
28
29
42
54
70
71
82
103
113
143
160
169
171
166
163
158
150
148
142
141
113
98
95
90
68
52
48
37
32
24
17
13
6
8
10
24
31
47
67
92
132
140
141
135
128
121
107
103
102
56
49
46
39
35
29
29
26
20
16
43
44
48
83
99
138
154
163
163
167
168
175
102
85
77
74
1
14
16
22
28
29
32
45
71
99
112
119
127
162
164
186
194
200
220
237
264
294
300
312
341
359
363
434
435
441
443
506
513
178
171
167
159
159
158
152
150
147
116
104
69
53
38
9
9
15
28
37
39
79
100
114
132
135
146
152
170
178
122
103
101
52
45
44
37
31
31
26
9
5
37
40
43
53
57
89
94
97
118
118
119
136
143
161
84
55
46
41
29
14
17
29
31
54
62
71
107
158
162
164
167
170
178
123
69
62
41
36
23
15
10
22
27
35
41
61
63
97
101
101
126
128
130
174
128
93
78
77
75
62
61
56
53
0
8
19
21
66
78
80
147
164
229
240
288
301
312
334
338
341
346
359
405
420
425
434
464
468
473
494
501
526
541
554
561
566
585
594
599
619
623
637
664
681
726
730
749
775
2
166
148
139
128
96
93
73
37
33
21
3
4
18
21
35
101
102
139
156
132
65
61
58
57
43
34
0
52
74
83
100
100
109
123
131
150
158
171
179
172
159
158
144
111
59
58
39
9
3
6
40
41
52
64
94
97
99
134
145
158
165
148
131
128
97
68
66
50
34
10
13
35
51
59
69
75
82
96
97
98
131
154
172
127
115
107
92
87
76
48
29
23
11
12
16
36
56
74
91
107
110
123
135
136
137
138
156
149
107
103
90
26
23
29
33
54
68
75
80
89
91
99
103
127
129
149
168
174
163
126
108
3
37
41
46
49
60
70
72
79
86
87
107
114
129
133
174
179
181
181
182
192
193
197
213
261
272
295
303
308
338
344
345
353
372
376
423
428
436
457
493
497
534
569
582
595
628
638
646
667
14
20
36
44
49
54
64
123
137
140
159
167
121
90
58
57
49
43
32
21
16
10
32
36
54
57
65
71
80
93
97
104
122
128
131
133
155
170
170
148
115
77
70
64
58
58
58
51
45
44
43
33
22
13
8
7
1
33
37
53
65
68
75
82
88
91
98
106
113
145
164
166
163
159
135
132
102
16
35
43
67
79
99
105
109
140
145
146
170
168
163
158
147
125
112
108
100
83
60
54
7
23
26
28
28
34
38
49
49
66
68
72
92
99
115
115
139
154
170
149
121
114
103
92
53
49
41
9
36
55
57
91
103
112
116
128
136
142
158
167
172
172
166
112
75
59
55
48
45
6
31
2
166
148
139
128
96
93
73
37
33
21
3
4
18
21
35
101
102
139
156
132
65
61
58
57
43
34
0
52
74
83
100
100
109
123
131
150
158
171
179
172
159
158
144
111
59
58
39
9
3
6
40
41
52
64
94
97
99
134
145
158
165
148
131
128
97
68
66
50
34
10
13
35
51
59
69
75
82
96
97
98
131
154
172
127
115
107
92
87
76
48
29
23
11
12
16
36
56
74
91
107
110
123
135
136
137
138
156
149
107
103
90
26
23
29
33
54
68
75
80
89
91
99
103
127
129
149
168
174
163
126
108
3
37
41
46
49
60
70
72
79
86
87
107
114
129
133
174
179
181
181
182
192
193
197
213
261
272
295
303
308
338
344
345
353
372
376
423
428
436
457
493
497
534
569
582
595
628
638
646
667
14
20
36
44
49
54
64
123
137
140
159
167
121
90
58
57
49
43
32
21
16
10
32
36
54
57
65
71
80
93
97
104
122
128
131
133
155
170
170
148
115
77
70
64
58
58
58
51
45
44
43
33
22
13
8
7
1
33
37
53
65
68
75
82
88
91
98
106
113
145
164
166
163
159
135
132
102
16
35
43
67
79
99
105
109
140
145
146
170
168
163
158
147
125
112
108
100
83
60
54
7
23
26
28
28
34
38
49
49
66
68
72
92
99
115
115
139
154
170
149
121
114
103
92
53
49
41
9
36
55
57
91
103
112
116
128
136
142
158
167
172
172
166
112
75
59
55
48
45
6
31
168
159
158
123
123
103
83
70
66
61
55
20
39
42
56
59
77
97
107
110
119
134
142
172
165
154
136
133
129
117
104
89
75
63
41
20
7
7
9
10
62
75
84
107
108
113
122
145
150
146
132
110
85
53
36
23
8
48
57
79
102
106
129
132
170
162
139
105
92
67
58
32
23
12
1
27
46
50
51
53
75
77
78
85
106
107
109
145
166
173
173
155
116
101
95
91
87
67
62
56
43
4
21
25
88
89
112
114
115
130
139
142
171
134
120
101
85
57
40
26
18
9
12
45
54
64
70
76
100
115
137
137
145
147
173
162
104
98
76
75
33
28
21
5
15
26
33
37
64
97
104
107
109
121
160
139
138
133
131
124
22
22
14
8
9
25
56
60
63
107
118
161
169
162
161
151
142
136
131
90
86
81
67
62
52
45
43
38
17
13
11
7
3
7
36
63
137
138
157
163
178
160
157
155
145
83
61
42
3
16
56
63
97
107
118
133
154
166
167
125
122
111
102
91
78
75
71
53
34
25
13
6
9
10
18
44
