3
16
22
23
27
36
44
46
54
58
70
117
132
133
172
175
67
75
79
80
81
83
93
140
147
155
173
38
43
76
81
87
88
89
91
109
112
129
141
147
150
161
179
10
12
16
18
27
29
37
58
73
74
84
90
99
149
174
16
16
25
34
36
73
129
156
170
12
27
37
64
81
92
121
131
133
135
152
161
178
22
31
36
38
46
47
61
66
69
73
116
122
146
153
170
5
5
10
32
34
38
42
52
56
78
80
81
90
103
114
133
138
142
146
151
175
23
96
98
126
133
134
151
160
174
174
1
6
12
28
36
43
72
103
108
111
147
147
167
173
176
19
37
38
64
70
79
102
105
113
114
123
150
