3
16
22
23
27
36
44
46
54
58
70
117
132
133
172
175
172
171
168
148
126
124
103
97
56
53
41
34
31
24
15
12
67
75
79
80
81
83
93
140
147
155
173
159
155
135
129
125
109
107
107
104
72
37
31
30
20
4
38
43
76
81
88
89
91
109
112
129
141
147
150
161
179
144
139
138
122
118
102
102
101
97
94
87
84
36
34
27
10
12
16
18
27
29
37
58
73
74
84
90
99
149
174
145
104
96
92
84
49
47
27
6
16
16
25
34
36
73
129
156
170
177
145
130
113
110
108
90
87
48
12
27
37
64
81
92
121
131
133
135
152
161
174
157
149
147
145
122
121
68
61
31
30
24
23
20
22
31
36
38
46
47
61
66
69
73
116
122
146
153
170
163
153
145
128
118
108
95
90
65
61
50
37
37
11
4
5
5
10
32
34
38
42
52
56
78
80
81
103
114
133
138
142
146
151
173
154
147
147
144
125
100
85
71
43
38
35
30
27
24
19
13
11
10
4
23
96
98
126
133
134
151
160
174
174
172
148
137
129
125
121
119
119
107
104
103
95
89
82
75
42
12
1
6
12
28
36
43
72
103
108
111
147
167
176
180
173
168
147
143
132
131
107
89
68
57
54
53
38
16
9
19
37
38
64
70
79
102
105
113
114
123
150
