178
171
167
159
159
158
152
150
147
144
137
116
116
115
107
104
69
67
66
55
54
53
53
45
38
36
28
20
13
9
9
15
17
20
24
28
35
37
38
39
45
48
54
54
63
66
66
79
82
84
90
100
100
114
122
128
132
135
146
152
152
165
170
179
178
172
172
171
145
122
120
119
107
103
101
85
68
62
52
49
46
45
44
44
37
37
35
32
31
31
26
9
0
5
5
15
23
25
28
30
37
38
40
43
47
49
49
53
53
57
57
65
89
94
97
100
103
118
118
119
124
136
143
144
147
152
164
161
148
126
84
55
46
42
41
39
33
29
14
7
17
29
31
38
42
54
57
61
62
65
71
75
79
86
107
112
131
147
148
158
162
164
167
170
178
173
163
140
123
120
109
96
93
88
69
62
53
51
41
36
23
15
10
13
22
23
27
31
35
41
57
61
63
80
96
97
101
101
106
117
126
128
130
134
155
155
174
174
167
158
143
139
128
128
93
78
77
75
71
62
61
56
55
53
0
5
8
19
21
21
24
28
33
66
71
78
80
99
107
115
124
136
144
147
147
164
165
185
186
199
229
237
240
250
253
254
288
298
301
304
312
322
334
334
337
338
341
343
346
359
360
362
380
403
405
420
425
434
455
464
468
473
485
485
494
497
497
501
523
526
527
531
541
548
551
552
554
561
565
566
569
573
584
585
588
594
599
600
619
623
632
637
664
674
681
696
702
715
726
730
745
749
775
779
785
