178
171
168
159
159
152
150
147
144
140
116
107
89
86
69
62
55
53
53
45
38
37
36
28
5
9
15
17
35
35
37
39
48
54
66
79
82
84
90
100
100
114
122
132
135
146
152
152
154
165
169
170
179
178
157
145
120
111
108
107
103
101
85
68
63
62
51
46
45
44
44
37
37
35
31
26
22
14
9
0
5
5
7
23
25
26
28
30
34
37
38
40
43
49
49
53
53
57
57
65
80
94
97
107
118
119
124
131
140
143
144
154
161
178
161
148
147
142
141
127
126
122
101
97
81
58
48
46
42
41
39
33
29
23
14
7
17
29
31
38
42
54
57
61
65
71
73
75
79
86
101
107
118
131
147
148
155
158
162
164
167
178
163
144
140
134
134
120
109
93
88
70
69
62
58
51
43
41
36
31
23
10
6
13
19
22
27
31
41
45
63
63
72
80
96
101
101
106
117
126
128
134
154
154
155
167
174
180
167
143
139
139
132
121
93
78
77
75
72
61
53
0
8
21
21
24
28
31
31
66
71
71
91
97
99
107
114
115
115
124
144
147
165
171
184
185
186
199
208
237
238
243
250
254
298
299
301
304
312
314
315
327
334
337
338
341
344
346
359
360
362
364
364
371
372
380
387
396
405
434
455
463
464
466
468
483
485
494
525
526
526
527
531
541
548
551
552
556
561
563
566
569
573
576
584
588
594
599
600
605
626
632
637
650
664
674
696
715
716
726
745
765
769
771
778
779
786
