170
170
169
140
132
119
89
72
58
53
41
35
31
26
24
21
7
41
45
71
79
95
117
164
166
174
174
172
157
69
66
62
61
28
27
21
14
17
18
19
20
22
26
28
58
69
77
90
116
132
143
147
147
160
171
146
141
130
126
114
104
83
71
46
37
24
16
29
46
65
68
76
102
126
133
162
176
173
153
133
108
93
85
83
64
64
4
20
20
34
35
63
67
70
95
104
108
142
162
171
176
189
217
219
235
244
244
248
249
261
301
314
357
363
374
375
380
399
410
419
433
438
440
443
447
461
471
480
484
491
493
497
498
506
513
528
144
137
116
115
107
67
66
55
54
53
45
36
28
20
13
17
20
24
35
38
45
48
54
54
63
66
66
82
84
90
100
122
128
152
165
179
172
172
171
145
120
119
107
85
68
62
49
46
44
37
35
32
0
5
15
23
25
28
30
38
47
49
49
53
57
65
100
103
124
144
147
152
164
148
126
42
39
33
7
38
42
57
61
65
75
79
86
112
131
147
148
173
163
140
120
109
96
93
88
53
51
13
23
31
57
80
96
106
117
134
155
155
174
167
158
143
139
128
71
55
5
21
24
28
33
71
99
107
115
124
136
144
147
165
185
186
199
237
250
253
254
298
304
322
334
337
343
360
362
380
403
455
485
485
497
497
523
527
531
548
551
552
565
569
573
584
588
600
632
674
696
702
715
745
779
785
4
170
168
159
155
74
73
65
63
37
32
19
31
40
42
64
68
72
75
78
87
92
121
122
132
133
147
159
160
178
157
151
148
137
124
111
108
76
74
56
53
29
28
22
2
3
9
19
35
41
45
49
58
73
77
81
97
98
99
101
114
133
146
150
162
178
177
172
155
133
132
90
85
63
34
16
7
9
24
62
112
114
155
162
165
174
171
153
145
125
113
107
99
99
90
34
23
11
8
15
16
50
57
58
80
81
113
118
123
140
163
180
165
155
148
135
132
118
82
80
60
23
23
3
8
32
36
41
69
83
84
88
118
132
143
165
167
169
157
120
106
97
87
79
41
34
21
19
4
13
25
57
67
106
121
139
158
159
159
137
132
106
104
15
16
20
20
27
47
59
65
81
93
95
147
148
164
191
242
245
257
257
261
277
299
322
327
342
357
364
377
422
424
429
432
464
495
517
517
520
538
552
582
584
588
594
597
630
630
652
674
674
679
166
52
63
101
113
136
144
168
179
161
161
152
137
134
130
129
120
109
107
103
76
71
53
39
23
7
20
32
65
81
83
102
137
144
161
165
141
96
81
2
7
12
41
73
79
111
128
136
138
138
162
178
173
157
142
128
120
89
10
0
3
11
14
43
94
106
112
129
134
151
173
161
160
152
150
139
136
97
51
50
49
42
32
31
30
30
12
6
24
28
37
42
48
58
67
72
81
96
99
130
130
136
144
147
153
160
153
141
135
127
85
45
42
27
18
15
7
10
19
35
58
64
66
100
111
111
112
124
136
136
143
149
150
164
168
172
137
123
109
104
101
89
57
48
41
28
12
4
170
168
159
155
74
73
65
63
37
32
19
31
40
42
64
68
72
75
78
87
92
121
122
132
133
147
159
160
178
157
151
148
137
124
111
108
76
74
56
53
29
28
22
2
3
9
19
35
41
45
49
58
73
77
81
97
98
99
101
114
133
146
150
162
178
177
172
155
133
132
90
85
63
34
16
7
9
24
62
112
114
155
162
165
174
171
153
145
125
113
107
99
99
90
34
23
11
8
15
16
50
57
58
80
81
113
118
123
140
163
180
165
155
148
135
132
118
82
80
60
23
23
3
8
32
36
41
69
83
84
88
118
132
143
165
167
169
157
120
106
97
87
79
41
34
21
19
4
13
25
57
67
106
121
139
158
159
159
137
132
106
104
15
16
20
20
27
47
59
65
81
93
95
147
148
164
191
242
245
257
257
261
277
299
322
327
342
357
364
377
422
424
429
432
464
495
517
517
520
538
552
582
584
588
594
597
630
630
652
674
674
679
166
52
63
101
113
136
144
168
179
161
161
152
137
134
130
129
120
109
107
103
76
71
53
39
23
7
20
32
65
81
83
102
137
144
161
165
141
96
81
2
7
12
41
73
79
111
128
136
138
138
162
178
173
157
142
128
120
89
10
0
3
11
14
43
94
106
112
129
134
151
173
161
160
152
150
139
136
97
51
50
49
42
32
31
30
30
12
6
24
28
37
42
48
58
67
72
81
96
99
130
130
136
144
147
153
160
153
141
135
127
85
45
42
27
18
15
7
10
19
35
58
64
66
100
111
111
112
124
136
136
143
149
150
164
168
172
137
123
109
104
101
89
57
48
41
28
12
179
175
148
145
142
139
89
20
19
16
14
9
10
36
57
63
65
79
97
99
105
110
117
119
124
125
132
138
142
146
156
159
169
170
130
106
103
83
79
76
73
43
35
20
16
17
21
28
80
86
87
152
171
166
165
163
146
124
83
59
51
50
46
27
20
8
17
27
45
53
92
100
104
134
138
158
170
164
137
131
124
108
88
66
41
32
20
48
60
94
118
130
173
140
125
110
101
75
40
37
35
31
21
16
12
13
25
29
36
44
60
61
69
101
113
152
164
169
149
123
78
62
52
24
14
9
12
47
48
61
66
86
91
106
148
153
163
162
159
152
143
127
121
116
109
98
98
98
67
46
43
38
15
10
22
41
44
67
89
108
110
116
121
132
172
130
118
118
102
92
89
57
53
38
27
24
21
4
17
24
53
57
64
83
104
114
119
120
132
134
146
170
155
145
145
141
133
130
121
117
98
86
84
74
59
46
31
28
27
7
17
17
26
39
50
51
71
82
98
104
126
134
159
160
161
178
173
145
140
135
132
107
57
32
28
19
19
1
29
30
58
96
104
110
113
147
151
169
173
177
152
128
121
103
103
78
71
52
47
37
28
0
16
47
