19
75
83
83
84
136
138
156
168
169
173
176
4
9
13
16
57
68
72
73
76
85
89
110
110
126
135
141
145
147
148
154
160
9
16
16
18
34
78
81
83
99
110
127
132
142
144
157
166
179
42
47
61
73
73
133
134
141
157
163
165
171
3
9
17
22
27
35
43
53
60
67
80
112
121
122
147
163
171
175
4
14
17
29
76
108
108
122
130
133
133
149
150
9
21
27
60
81
93
106
122
130
133
146
150
152
170
8
10
23
53
61
74
77
86
95
110
118
120
121
159
164
19
21
29
35
125
126
155
9
15
23
28
38
44
48
48
56
64
85
140
144
160
166
168
174
174
175
8
21
26
48
56
63
68
95
106
107
143
152
153
153
161
172
4
5
16
50
69
94
104
104
115
120
122
132
162
165
1
15
16
27
55
62
74
92
118
132
161
172
172
5
57
64
97
115
123
139
144
153
1
11
15
28
36
37
46
48
55
58
65
72
114
147
150
168
179
14
26
45
49
69
84
86
98
104
120
138
148
148
164
176
