2
3
14
15
40
60
81
85
102
115
126
139
141
171
168
166
159
137
136
133
123
114
113
98
48
32
19
2
1
2
3
17
21
48
55
67
74
81
143
146
147
170
169
151
151
144
139
136
134
104
74
69
55
37
21
18
9
27
44
66
93
107
108
111
113
160
157
156
135
132
103
101
90
79
62
38
38
21
5
6
16
51
55
73
81
92
105
131
151
153
154
175
160
147
128
108
95
94
85
81
74
58
56
34
32
19
16
19
24
48
55
60
68
69
170
146
146
133
122
118
105
73
66
63
59
56
32
31
22
22
21
19
3
2
7
9
44
59
62
70
96
99
124
149
178
164
158
155
125
122
94
92
85
80
76
61
45
44
31
22
18
9
11
26
46
48
78
79
84
110
114
135
137
154
172
162
162
154
146
138
130
124
115
114
109
94
87
81
80
78
61
45
16
6
10
18
60
66
71
79
101
107
118
118
157
135
125
122
121
120
94
76
47
39
36
23
19
3
13
28
30
57
61
62
66
81
90
114
131
134
134
135
137
155
160
168
169
171
168
167
160
131
114
112
107
68
62
57
52
51
40
33
29
27
2
18
40
42
44
99
130
141
177
170
166
158
145
127
127
93
90
69
67
60
45
14
12
10
3
11
21
52
58
63
80
83
85
103
106
107
112
151
156
159
168
164
148
139
111
107
104
89
84
74
70
55
54
46
43
39
37
16
14
13
2
43
57
59
65
70
71
84
120
141
162
163
171
168
167
163
157
153
152
150
132
132
124
119
116
113
105
102
82
70
68
66
51
51
49
37
36
12
31
34
48
61
64
73
75
103
131
151
155
165
168
177
180
172
169
153
129
116
101
98
72
57
48
19
15
10
43
51
61
69
77
108
148
162
178
169
154
142
127
111
94
93
92
91
76
66
65
6
5
35
44
45
60
92
119
149
153
157
164
166
169
172
178
168
152
106
87
82
72
71
61
57
46
37
23
6
32
88
107
119
162
169
168
165
143
131
129
127
127
122
96
96
89
86
81
74
74
59
48
36
5
7
22
48
68
70
71
77
87
91
112
115
122
173
176
152
140
127
126
119
99
94
94
50
47
44
43
36
31
3
20
24
60
95
101
121
130
137
143
147
170
147
142
140
134
129
123
116
114
102
88
74
71
61
50
42
34
28
27
13
10
21
30
30
40
53
56
96
114
122
128
128
157
137
131
100
86
84
79
66
49
48
17
4
50
53
59
75
84
99
109
120
156
158
171
166
165
137
127
115
110
110
80
68
58
34
9
3
6
7
34
37
41
46
64
66
75
75
94
95
109
113
122
138
144
147
159
160
174
163
158
136
135
129
123
94
92
36
35
15
7
26
55
59
92
97
99
117
147
147
153
174
170
159
154
152
134
134
132
116
112
98
83
82
80
55
38
29
16
6
24
49
60
62
63
64
69
158
159
176
155
122
118
107
107
92
89
81
79
28
22
20
1
22
26
29
59
122
126
158
164
170
171
175
129
107
105
72
69
58
54
22
7
21
34
47
59
60
68
81
81
90
120
123
151
165
161
158
156
148
130
128
126
123
120
120
89
41
26
10
9
8
4
3
11
15
35
40
55
67
79
82
97
100
101
111
114
131
134
135
152
155
166
172
173
176
148
143
120
106
89
70
59
16
13
19
20
45
58
72
82
107
128
137
137
138
146
153
158
162
167
172
173
175
171
159
130
110
105
89
87
78
74
71
69
65
45
30
9
14
35
50
57
91
91
98
108
112
126
158
180
168
157
157
156
130
126
84
80
70
68
39
34
26
13
