167
164
159
159
149
148
148
146
138
132
116
94
94
85
84
75
75
64
58
57
55
54
53
53
51
47
47
46
46
24
19
18
18
15
12
8
179
177
171
153
150
148
131
130
125
125
122
120
118
115
112
111
103
102
100
100
92
87
87
85
80
63
59
57
50
45
44
38
36
34
32
28
26
16
10
170
168
164
160
159
157
156
156
148
148
136
134
129
125
122
122
122
119
114
96
88
85
84
84
82
70
70
65
63
62
60
55
47
47
45
42
42
41
38
31
31
30
24
21
11
7
180
179
175
173
169
164
163
151
146
145
137
133
132
131
121
118
117
115
108
107
102
100
98
96
79
79
73
73
71
67
49
49
41
34
30
17
16
15
2
179
177
175
173
170
160
160
155
138
129
125
122
122
117
115
110
89
85
84
80
79
74
63
62
44
42
35
33
32
24
23
21
16
14
13
3
2
176
156
143
136
134
131
130
129
109
101
100
98
94
91
87
77
74
74
74
64
60
48
45
44
41
39
29
26
16
15
5
179
177
167
162
151
134
112
93
87
73
64
63
61
59
44
44
28
25
14
167
163
155
151
143
139
135
106
106
105
101
95
84
79
66
14
169
168
166
163
157
139
127
121
110
109
108
99
97
97
77
77
62
38
25
13
8
172
154
107
95
76
67
64
53
48
39
13
155
153
138
128
122
104
89
56
23
180
177
161
148
148
128
103
102
77
68
49
47
22
121
103
87
87
53
37
27
27
26
18
10
178
171
167
161
151
139
110
92
91
80
67
45
11
2
153
149
139
129
124
124
107
72
67
49
39
29
180
175
162
124
106
95
69
49
20
18
146
136
133
121
116
113
97
91
88
64
59
55
22
19
10
8
163
162
117
69
58
55
47
36
27
14
6
5
159
140
115
107
96
91
85
79
73
70
69
59
58
43
29
25
2
177
166
142
128
119
