9
20
25
26
34
56
61
72
88
91
95
110
122
123
130
131
140
144
145
170
167
164
159
159
149
146
138
132
116
94
94
85
84
75
64
57
55
54
53
53
51
47
47
46
19
18
18
15
12
8
8
9
15
19
31
32
33
37
67
72
77
80
81
83
86
92
94
115
121
122
128
139
140
144
153
161
165
172
177
171
153
131
130
125
125
122
120
118
115
112
111
103
102
100
87
80
63
57
50
44
38
36
34
32
28
26
10
1
15
21
32
38
41
42
45
47
52
55
56
57
72
86
88
99
100
102
118
118
129
139
143
148
150
161
163
164
164
166
173
173
170
164
159
157
156
156
148
136
134
129
125
122
122
122
114
96
88
84
84
82
70
70
65
63
47
47
45
42
41
38
31
31
30
24
21
11
5
7
26
27
45
49
54
63
63
67
72
102
106
116
117
131
131
147
149
159
161
171
171
175
180
179
175
173
169
164
137
133
132
131
118
117
108
107
102
100
98
96
73
71
67
49
41
30
17
16
2
4
15
18
29
33
37
44
53
59
60
61
64
67
73
93
93
97
107
113
116
129
131
137
143
145
163
164
173
173
174
179
177
175
173
170
160
155
138
129
122
122
115
110
85
84
80
79
63
62
42
35
33
32
24
21
16
14
13
3
2
21
58
64
75
76
77
77
104
104
110
121
126
130
140
145
146
147
157
161
163
167
169
169
178
176
156
143
136
134
131
130
129
109
101
100
98
94
91
74
74
64
48
45
44
41
39
29
26
15
5
5
11
17
19
21
27
61
101
84
36
88
92
138
99
11
64
48
150
136
155
180
95
139
67
2
149
17
106
69
144
98
141
159
2
166
