9
20
26
51
54
71
72
77
88
91
95
95
110
115
122
130
131
132
134
140
145
160
168
170
172
167
164
159
148
148
146
132
116
94
94
75
58
57
54
53
53
51
47
46
46
24
18
15
8
15
19
31
32
33
36
37
53
57
62
65
67
71
72
73
83
86
94
115
117
121
128
139
144
151
153
161
165
166
169
172
179
177
150
148
131
125
125
122
120
118
115
111
100
100
92
87
87
85
80
63
59
57
45
44
38
36
34
28
26
16
10
1
21
27
32
38
47
55
56
57
84
88
97
99
112
118
129
131
143
145
150
154
158
161
163
164
166
167
173
173
170
168
160
157
156
156
148
134
129
125
122
122
122
119
96
85
84
84
70
65
63
62
60
55
47
45
42
42
31
30
24
21
11
7
5
7
12
16
21
27
45
47
49
54
63
63
67
76
88
91
102
106
122
131
131
139
147
155
156
160
164
171
171
175
180
179
173
169
163
151
146
145
137
132
121
118
117
115
108
107
102
100
98
96
79
79
73
71
67
49
41
34
30
16
15
16
18
21
28
29
31
40
43
44
53
60
64
65
67
71
71
93
93
97
107
107
113
116
129
163
164
174
179
175
173
160
129
125
122
117
89
85
84
74
62
44
42
35
33
23
21
16
14
13
3
2
21
51
64
66
70
72
75
76
77
77
104
110
121
121
130
140
145
146
147
157
161
163
169
169
175
178
176
156
143
134
131
130
109
98
94
91
87
77
74
64
60
48
45
44
39
16
15
5
5
11
27
36
39
45
70
79
88
93
118
133
142
146
160
179
177
167
162
151
134
112
93
87
73
64
63
59
44
44
28
25
14
16
32
63
72
102
103
125
130
134
153
167
167
163
155
151
143
139
135
106
106
105
95
79
66
14
9
21
37
46
49
52
60
62
63
92
92
100
118
162
162
163
175
177
169
168
166
163
157
139
127
121
110
109
108
99
97
97
77
77
62
38
25
13
8
1
25
45
51
59
60
61
86
117
120
120
9
11
11
13
45
48
51
61
63
64
70
73
93
112
152
159
170
170
174
172
154
107
95
76
67
64
53
48
39
13
20
29
30
57
62
64
80
92
103
131
150
156
155
153
138
128
122
104
89
56
23
7
26
36
72
74
81
132
135
141
155
158
171
175
180
177
161
148
148
128
103
102
77
68
49
47
22
3
42
57
64
77
94
95
96
103
107
113
128
156
179
121
103
87
87
53
37
27
27
26
18
10
8
10
13
38
51
58
70
73
94
110
129
133
166
178
171
167
161
151
139
110
92
91
80
67
45
11
24
27
39
47
49
54
88
88
96
100
121
125
127
135
148
149
153
139
129
124
124
107
72
67
49
39
29
2
14
17
36
45
50
54
67
77
103
118
122
123
129
135
137
143
147
149
152
160
163
166
168
168
176
180
175
162
124
95
49
20
18
21
29
34
37
43
56
68
79
84
86
87
102
144
163
165
168
174
146
136
133
121
116
113
97
91
88
64
59
55
22
19
10
8
38
77
87
98
101
114
141
145
167
168
178
163
162
117
69
58
55
47
36
27
14
6
5
22
33
75
75
83
86
114
144
163
170
140
115
107
96
91
85
79
73
70
69
59
58
43
29
25
5
24
27
51
59
61
64
71
80
83
85
85
91
100
137
166
177
166
142
128
119
