173
161
156
156
147
130
128
126
121
111
111
105
94
92
87
87
73
68
61
61
53
53
52
50
43
39
39
24
17
14
12
13
16
20
20
31
31
31
33
41
46
63
84
84
93
94
102
103
113
119
120
122
123
124
124
126
130
130
131
131
152
157
158
159
162
164
168
173
172
166
162
151
150
148
146
144
129
125
121
117
115
111
110
110
105
102
102
100
97
91
89
69
66
63
62
56
45
44
41
33
31
23
19
19
15
12
2
4
10
27
31
32
49
50
55
55
58
60
62
65
68
68
77
77
79
79
88
92
92
94
99
115
119
122
128
133
134
139
142
144
146
149
152
162
168
180
167
161
155
150
144
141
140
137
135
131
127
126
125
111
99
97
96
86
84
84
81
71
66
66
55
53
45
42
39
37
35
35
31
27
24
22
21
21
19
18
13
12
10
12
16
19
21
22
23
24
31
32
43
45
50
53
56
56
57
59
64
83
90
93
94
94
96
107
108
112
115
115
118
123
130
131
132
135
135
136
139
145
146
147
152
155
165
170
176
175
170
165
161
156
155
138
135
133
128
119
119
115
111
106
94
92
81
81
77
68
66
61
53
53
45
38
35
30
28
25
25
23
20
14
14
10
0
1
5
6
11
16
17
29
33
34
42
46
47
47
58
61
62
64
71
71
76
78
80
82
98
99
104
105
106
111
128
128
136
143
146
160
161
161
174
177
166
165
164
161
154
153
151
148
144
142
138
138
129
123
122
121
118
117
115
111
111
109
90
89
86
77
76
70
68
55
53
47
41
39
21
21
12
12
11
1
3
5
7
10
19
20
24
41
50
54
56
57
61
64
68
89
93
94
98
98
103
114
115
132
135
142
144
144
152
153
155
161
162
163
174
174
161
131
124
119
117
112
111
108
107
106
106
79
79
74
63
63
63
58
55
54
45
40
38
38
28
24
22
18
16
16
10
7
4
23
36
44
46
48
49
50
69
77
78
80
85
88
91
101
104
104
104
114
117
129
132
133
136
138
147
151
160
161
171
176
170
164
162
160
155
146
143
137
113
104
96
91
68
53
45
41
27
1
2
13
18
28
45
66
85
90
103
112
113
115
117
131
131
147
150
160
166
151
121
113
84
83
62
56
53
34
22
12
17
24
28
35
40
44
71
71
71
76
81
92
97
109
160
173
161
147
146
137
135
131
125
122
121
97
94
93
86
69
49
27
27
25
14
12
11
11
13
16
22
40
51
57
67
68
69
77
79
80
99
99
113
136
148
160
165
180
157
137
132
124
123
122
98
68
66
65
172
171
171
168
138
135
132
123
121
119
114
111
91
73
35
28
18
18
14
8
25
70
82
100
108
111
121
126
135
160
161
153
152
127
122
119
105
93
83
57
39
33
24
26
40
50
55
73
88
119
150
175
156
147
113
110
104
55
52
51
47
33
33
31
18
14
0
3
18
31
31
50
74
75
98
108
125
127
151
178
141
126
119
107
91
90
89
82
78
72
58
30
9
57
74
89
89
121
137
147
147
148
155
163
173
171
168
145
132
125
114
111
91
77
58
54
23
2
9
12
18
28
40
67
85
86
96
108
130
162
171
158
155
143
136
134
130
96
96
88
84
65
61
59
51
39
38
26
30
39
49
53
53
69
103
108
126
135
145
178
167
163
145
136
132
128
116
106
81
67
63
62
57
51
48
42
39
37
34
26
23
21
19
19
11
0
5
17
54
71
81
106
125
154
156
161
153
148
146
140
128
116
105
100
98
98
83
43
24
23
19
14
33
43
45
57
62
65
80
86
88
112
116
120
151
155
163
165
145
107
98
88
84
72
46
42
21
20
11
16
17
61
107
117
120
128
138
147
159
167
168
159
149
109
108
101
98
71
42
24
18
20
38
62
70
80
85
91
96
102
104
106
115
116
131
144
148
170
176
159
155
132
124
123
119
112
104
102
100
100
94
85
50
22
3
14
37
50
59

