170
170
169
158
140
132
122
119
115
95
89
86
85
72
63
58
53
41
35
31
26
24
21
7
12
24
28
29
41
42
45
54
70
71
71
79
82
95
103
113
117
143
160
164
166
169
174
174
172
171
166
163
158
157
150
148
142
141
113
98
95
90
69
68
66
62
61
52
48
37
32
28
27
24
21
17
14
13
6
8
10
17
18
19
20
22
24
26
28
31
47
58
67
69
77
90
92
116
132
132
140
141
143
147
147
160
171
146
141
135
130
128
126
121
114
107
104
103
102
83
71
56
49
46
46
39
37
35
29
29
26
24
20
16
16
29
43
44
46
48
65
68
76
83
99
102
126
133
138
154
162
163
163
167
168
176
175
173
153
133
108
102
93
85
85
83
77
74
64
64
178
171
167
159
159
158
152
150
147
144
137
116
116
115
107
104
69
67
66
55
54
53
53
45
38
36
28
20
13
9
9
15
17
20
24
28
35
37
38
39
45
48
54
54
63
66
66
79
82
84
90
100
100
114
122
128
132
135
146
152
152
165
170
179
178
172
172
171
145
122
120
119
107
103
101
85
68
62
52
49
46
45
44
44
37
37
35
32
31
31
26
9
0
5
5
15
23
25
28
30
37
38
40
43
47
49
49
53
53
57
57
65
89
94
97
100
103
118
118
119
124
136
143
144
147
152
164
161
148
126
84
55
46
42
41
39
33
29
14
7
17
29
31
38
42
54
57
61
62
65
71
75
79
86
107
112
131
147
148
158
162
164
167
170
178
173
163
140
123
120
109
96
93
88
69
62
53
51
41
36
23
15
10
13
22
23
27
31
35
41
57
61
63
80
96
97
101
101
106
117
126
128
130
134
155
155
174
174
167
158
143
139
128
128
93
78
77
75
71
62
61
56
55
53
0