23
76
83
110
116
128
144
152
140
114
90
89
86
12
3
9
10
47
51
62
70
81
97
137
143
146
154
165
159
153
137
124
123
119
112
104
58
43
33
10
32
50
52
85
87
95
105
165
172
89
84
71
61
54
52
22
11
3
24
88
4
11
36
37
41
43
44
60
85
111
124
170
138
99
94
86
82
70
69
68
9
20
20
25
62
71
84
103
105
118
133
170
155
152
140
127
85
68
57
11
7
21
60
63
64
72
95
98
105
140
140
169
157
120
87
76
66
27
7
22
43
71
85
99
101
112
113
130
139
152
167
163
150
141
138
112
109
107
106
69
10
18
45
50
50
65
80
1
11
45
88
108
120
135
172
161
96
58
42
18
16
54
69
120
154
164
166
170
180
170
166
147
117
84
48
44
29
25
18
6
15
31
33
50
73
80
116
151
156
163
172
167
157
156
144
144
138
108
78
72
57
51
46
19
36
44
60
90
104
109
115
147
160
149
140
112
92
86
80
53
32
30
46
47
92
99
134
161
172
151
113
101
100
82
54
26
25
42
91
110
124
147
171
156
152
132
94
89
59
46
20
6
4
6
7
14
17
26
37
60
158
166
179
108
59
54
38
12
13
24
31
71
136
178
165
163
136
80
78
17
19
33
91
105
133
168
170
173
164
82
74
64
30
28
26
8
27
28
31
46
71
90
97
106
13
33
45
50
61
104
111
122
127
129
132
152
153
174
176
180
149
141
133
104
77
32
3
15
22
85
86
112
124
135
153
153
173
165
154
124
94
56
36
16
14
36
40
40
179
134
117
111
106
105
5
16
17
23
71
144
164
167
179
163
154
151
145
142
123
115
104
23
11
24
47
59
63
68
96
133
158
163
144
105
100
99
85
77
76
68
22
45
47
88
118
145
154
159
169
113
105
78
62
59
45
24
8
18
31
56
98
104
121
137
163
162
159
