169
158
140
122
115
95
85
72
63
41
35
26
24
21
7
24
29
41
54
79
95
103
117
143
160
164
166
169
174
174
172
166
163
142
113
98
69
61
52
48
37
32
28
27
24
21
17
14
17
18
19
20
22
24
26
28
31
47
58
69
90
141
147
160
171
146
141
135
128
121
107
104
103
83
56
49
46
46
39
37
35
26
24
16
16
44
48
65
76
99
102
133
138
154
162
167
168
175
173
133
108
102
93
85
85
83
77
74
64
64
4
16
20
22
28
29
32
34
35
67
70
95
99
104
108
119
127
142
162
162
164
171
176
217
219
235
237
244
248
249
261
264
294
300
301
314
357
363
363
374
380
399
410
419
433
435
443
480
484
491
493
498
506
513
528
