169
158
158
140
122
115
107
100
95
85
74
72
68
63
56
41
41
35
33
26
24
21
7
24
29
39
41
54
65
79
88
89
92
95
103
117
143
160
164
164
166
169
178
174
174
172
172
172
166
163
142
135
131
120
113
113
102
98
86
69
61
52
48
47
42
38
37
32
30
28
27
24
21
17
14
14
17
18
19
20
21
22
24
26
27
28
31
42
47
55
56
58
60
67
69
74
90
119
134
141
144
147
160
171
171
150
146
141
135
133
130
128
121
107
104
103
98
96
89
83
79
56
49
46
46
39
37
35
26
24
20
16
16
13
44
48
65
76
89
94
99
102
107
116
123
125
133
138
154
154
162
165
167
168
172
175
173
157
133
108
102
95
93
85
85
83
77
74
64
64
0
178
171
168
159
159
152
150
147
144
140
116
107
89
86
69
62
55
53
53
45
38
37
36
28
5
9
15
17
35
35
37
39
48
54
66
79
82
84
90
100
100
114
122
132
135
146
152
152
154
165
169
170
179
178
157
145
120
111
108
107
103
101
85
68
63
62
51
46
45
44
44
37
37
35
31
26
22
14
9
0
5
5
7
23
25
26
28
30
34
37
38
40
43
49
49
53
53
57
57
65
80
94
97
107
118
119
124
131
140
143
144
154
161
178
161
148
147
142
141
127
126
122
101
97
81
58
48
46
42
41
39
33
29
23
14
7
17
29
31
38
42
54
57
61
65
71
73
75
79
86
101
107
118
131
147
148
155
158
162
164
167
178
163
144
140
134
134
120
109
93
88
70
69
62
58
51
43
41
36
31
23
10
6
13
19
22
27
31
41
45
63
63
72
80
96
101
101
106
117
126
128
134
154
154
155
167
174
180
167
143
139
139
132
121
93
78
77
75
72
61
53
0
