169
158
140
122
115
95
85
72
63
41
35
26
24
21
7
24
29
41
54
79
95
103
117
143
160
164
166
169
174
174
172
166
163
142
113
98
69
61
52
48
37
32
28
27
24
21
17
14
17
18
19
20
22
24
26
28
31
47
58
69
90
141
147
160
171
146
141
135
128
121
107
104
103
83
56
49
46
46
39
37
35
26
24
16
16
44
48
65
76
99
102
133
138
154
162
167
168
175
173
133
108
102
93
85
85
83
77
74
64
64
178
171
159
159
152
150
147
144
116
107
69
55
53
53
45
38
36
28
9
15
17
35
37
39
48
54
66
79
84
90
100
100
114
122
132
135
146
152
152
165
170
179
178
145
120
107
103
101
85
68
62
46
45
44
44
37
37
35
31
26
9
0
5
5
23
25
28
30
37
38
40
43
49
49
53
53
57
57
65
94
97
118
119
124
143
144
161
148
126
46
42
41
39
33
29
7
17
29
31
38
54
57
61
65
71
75
79
86
107
131
147
148
158
162
164
167
178
163
140
120
109
93
88
69
51
41
36
23
10
13
22
27
31
41
63
80
96
101
101
106
117
126
128
134
155
174
167
143
139
93
78
77
75
61
53
0