170
170
169
158
158
140
132
122
119
115
107
100
95
89
86
85
74
72
68
63
58
56
53
41
41
35
33
31
26
24
21
7
12
24
28
29
39
41
42
45
54
65
70
71
71
79
82
88
89
92
95
103
113
117
143
160
164
164
166
169
178
174
174
172
172
172
171
166
163
158
157
150
148
142
141
135
131
120
113
113
102
98
95
90
86
69
68
66
62
61
52
48
47
42
38
37
32
30
28
27
24
21
17
14
13
6
8
10
14
17
18
19
20
21
22
24
26
27
28
31
42
47
55
56
58
60
67
67
69
74
77
90
92
116
119
132
132
134
140
141
143
144
147
147
160
171
171
150
146
141
135
133
130
130
128
126
121
114
107
104
103
102
98
96
89
83
79
71
56
49
46
46
39
37
35
29
29
26
24
20
20
16
16
13
29
43
44
46
48
65
68
76
83
89
94
99
102
107
116
123
125
126
133
138
154
154
162
163
163
165
167
168
172
176
175
173
157
153
133
108
102
95
93
85
85
83
77
74
64
64
0
1
4
14
16
20
20
22
28
29
32
34
35
36
45
63
67
69
70
71
82
85
86
95
99
104
108
112
119
127
130
142
148
162
162
164
171
176
186
189
177
171
165
160
153
149
146
145
143
141
139
138
138
138
137
136
134
131
130
129
128
124
122
103
102
98
97
73
70
65
60
51
43
37
25
25
24
15
13
11
8
7
2
6
9
14
18
24
41
48
48
55
79
79
79
84
92
93
95
102
106
107
109
109
111
112
115
125
129
131
134
139
145
149
153
154
154
155
158
159
160
167
180
165
162
161
158
157
148
148
134
134
120
112
112
109
106
101
100
99
85
82
80
79
78
77
72
71
69
65
61
58
58
57
51
51
49
47
37
29
23
15
6
6
5
14
20
24
28
28
32
35
37
39
52
53
57
62
92
99
101
105
107
109
116
118
120
130
133
134
139
148
160
160
164
165
174
174
180
178
174
165
160
160
141
140
137
125
122
120
119
118
110
109
106
97
94
89
88
85
78
66
62
60
53
52
47
44
44
35
16
15
16
17
22
34
37
48
50
51
54
54
58
58
59
63
64
67
88
91
94
97
98
99
101
111
111
119
120
126
127
130
134
146
148
149
169
170
174
168
166
162
160
159
139
127
125
124
112
112
102
98
98
92
84
84
84
82
79
77
73
72
71
64
54
51
45
42
36
32
32
27
26
25
23
17
17
15
9
5
8
12
13
16
20
26
30
30
38
41
41
43
64
65
67
70
72
73
86
95
96
100
107
108
108
110
115
116
117
134
134
141
149
151
166
173
164
163
155
150
145
139
137
133
133
132
122
119
117
116
110
103
100
95
92
90
84
83
82
82
77
74
70
180
175
175
171
171
170
168
168
157
148
139
137
98
97
97
96
95
95
75
68
66
64
59
59
56
49
46
45
35
24
16
13
11
5
6
7
14
18
19
31
34
42
42
46
62
72
81
82
83
85
92
102
106
119
123
131
131
135
142
159
161
180
170
170
155
141
140
138
136
128
128
113
113
111
108
106
90
88
88
86
78
69
64
63
62
58
54
48
30
21
19
15
0
10
11
13
14
16
21
24
32
43
44
51
58
62
64
76
80
83
88
92
94
106
109
123
128
129
133
133
137
144
148
152
154
159
162
175
173
169
166
162
158
150
149
148
145
140
135
133
128
114
110
110
104
103
91
80
67
64
59
41
36
34
29
29
21
13
7
13
15
23
23
24
24
27
35
35
36
40
42
44
49
55
67
70
70
74
79
80
85
91
93
95
96
97
98
98
99
106
118
120
124
125
126
129
131
133
134
136
142
143
146
157
180
179
161
152
146
146
138
127
127
124
123
123
121
104
101
97
93
92
88
80
80
79
74
72
69
64
48
46
45
44
42
38
24
19
17
15
9
16
18
19
29
30
37
39
40
42
59
65
66
80
86
86
92
93
98
100
112
114
116
118
119
124
125
128
130
135
135
145
149
149
151
161
162
176
169
152
136
135
134
131
127
111
92
91
84
80
58
53
49
48
44
41
36
32
28
24
23
18
13
12
6
3
10
16
19
23
23
24
28
29
32
32
34
38
39
42
45
54
66
78
79
79
82
96
109
115
124
125
126
126
130
135
151
151
152
153
165
167
175
167
166
164
164
161
158
157
156
151
148
147
139
138
129
128
122
113
109
105
92
85
76
75
73
72
68
65
61
59
53
45
39
38
37
14
14
7
8
12
13
24
24
27
37
46
47
54
65
82
82
84
89
89
95
97
107
111
116
119
130
131
138
157
157
159
160
163
165
168
170
172
175
174
167
164
156
155
154
153
152
145
122
116
116
111
109
100
97
92
91
74
70
70
68
62
56
51
51
48
47
46
45
38
27
23
22
19
19
1
13
18
21
23
25
29
30
30
37
37
48
71
76
88
97
99
108
112
115
115
118
120
121
124
126
132
139
141
152
162
173
169
168
163
158
157
156
150
137
119
112
101
93
85
81
80
69
69
64
60
51
48
43
42
42
11
6
5
6
10
15
16
17
22
37
43
47
50
60
73
77
89
92
98
100
0
4
13
17
20
34
40
43
56
59
62
62
64
66
69
71
75
84
85
86
96
108
121
129
134
135
140
143
146
149
150
152
156
161
169
169
170
165
163
159
157
149
146
146
145
122
119
118
102
93
93
91
79
76
68
68
68
63
58
51
46
39
17
14
14
9
8
7
8
16
16
17
34
36
39
44
49
57
77
91
95
103
106
108
111
113
126
126
129
146
147
148
150
158
158
179
173
173
161
156
154
154
152
152
151
143
136
120
112
98
93
92
86
82
77
68
65
64
174
169
168
166
165
161
157
155
153
149
146
145
137
136
134
133
132
122
121
115
112
102
90
85
79
72
72
61
56
55
53
52
40
39
34
32
31
24
23
20
16
13
10
8
8
0
4
22
30
36
37
38
38
39
40
43
45
46
48
56
57
59
69
69
75
81
82
82
88
101
125
127
128
129
136
144
152
179
179
178
167
167
166
162
161
160
154
148
148
147
144
142
131
113
105
105
104
101
100
98
98
97
93
85
84
83
71
63
60
59
52
49
49
48
38
32
31
31
27
25
18
16
12
9
16
22
27
31
34
39
46
51
52
56
57
72
81
86
111
113
119
122
122
123
125
130
138
138
142
145
161
164
167
173
174
180
167
160
160
160
158
146
142
142
140
139
129
129
113
104
86
84
81
77
72
70
68
61
58
54
54
51
47
36
27
23
22
12
1
1
10
13
27
31
32
34
40
42
44
45
49
50
59
62
62
65
68
73
74
79
81
81
89
89
92
106
108
117
129
131
134
140
143
145
146
147
147
151
151
156
157
161
176
175
165
165
164
159
159
146
143
142
141
134
133
126
117
115
112
101
96
93
93
88
70
67
64
58
52
51
43
42
41
40
40
38
33
28
20
18
17
12
6
1
6
17
21
25
27
28
31
34
37
41
41
44
48
56
59
63
75
88
92
107
107
109
112
115
119
139
139
153
157
162
180
172
171
158
157
143
140
135
135
123
123
119
115
109
104
88
86
77
77
73
73
71
69
62
61
60
59
59
52
50
49
43
43
42
39
27
26
25
22
21
17
9
9
4
8
15
18
27
31
32
35
45
49
53
73
75
78
79
87
93
93
95
100
101
110
111
113
118
125
128
133
155
160
168
166
143
141
137
135
132
125
110
109
107
100
95
90
88
87
86
80
80
76
74
73
66
63
61
59
52
44
40
30
29
26
16
2
9
11
30
45
54
65
70
73
74
81
82
84
88
93
96
96
100
108
111
112
115
118
118
121
128
132
132
132
143
152
152
153
174
171
163
162
158
154
151
146
145
141
138
128
126
121
114
88
86
86
80
80
65
63
63
60
58
52
51
47
36
35
28
26
21
14
10
12
17
18
18
20
28
29
29
33
38
38