170
170
169
158
140
132
122
119
115
95
89
86
85
72
63
58
53
41
35
31
26
24
21
7
12
24
28
29
41
42
45
54
70
71
71
79
82
95
103
113
117
143
160
164
166
169
174
174
172
171
166
163
158
157
150
148
142
141
113
98
95
90
69
68
66
62
61
52
48
37
32
28
27
24
21
17
14
13
6
8
10
17
18
19
20
22
24
26
28
31
47
58
67
69
77
90
92
116
132
132
140
141
143
147
147
160
171
146
141
135
130
128
126
121
114
107
104
103
102
83
71
56
49
46
46
39
37
35
29
29
26
24
20
16
16
29
43
44
46
48
65
68
76
83
99
102
126
133
138
154
162
163
163
167
168
176
175
173
153
133
108
102
93
85
85
83
77
74
64
64
165
160
153
149
143
138
138
137
136
134
131
130
129
128
124
103
102
97
70
65
51
43
37
25
25
24
15
13
11
8
7
2
6
14
18
24
48
48
55
79
79
93
102
106
111
112
115
125
129
131
134
139
145
149
153
154
154
155
158
159
160
180
165
158
148
148
134
134
112
109
106
101
100
85
82
79
77
72
71
69
61
58
58
57
51
49
47
37
29
23
6
6
5
14
20
28
32
35
37
53
57
62
99
101
105
107
116
118
130
133
134
139
148
160
160
164
174
174
180
178
165
160
141
140
137
125
118
109
106
97
94
89
66
62
60
53
52
47
35
15
16
17
34
37
48
50
51
54
54
58
59
63
64
67
88
94
97
98
99
111
119
120
126
127
130
134
146
148
169
170
168
166
162
159
127
125
124
112
102
98
92
84
84
79
77
73
64
51
42
36
32
27
26
25
23
17
17
15
9
5
8
12
20
26
30
41
43
64
65
86
95
96
100
107
108
110
115
116
117
134
134
141
149
151
173
164
155
150
145
139
133
122
119
116
110
100
95
92
90
84
83
82
82
77
74
70
175
175
171
170
168
168
157
148
139
98
97
97
96
95
68
66
59
59
56
46
45
35
24
16
11
5
6
7
14
19
31
34
42
42
46
62
72
81
83
85
92
102
106
123
131
131
142
180
170
170
155
141
140
138
136
128
113
111
108
106
90
88
88
86
78
69
63
62
58
54
48
11
13
16
21
24
43
44
51
58
64
76
80
83
88
92
106
109
123
128
133
137
144
154
162
173
169
162
158
148
145
140
135
128
114
110
104
91
80
64
59
41
36
29
7
15
23
24
27
36
42
44
49
55
67
70
74
79
80
85
91
93
95
96
97
98
98
118
124
125
129
133
134
136
142
143
146
180
179
161
152
146
127
127
124
123
121
104
101
97
92
88
80
79
72
64
48
46
45
44
42
24
19
17
15
9
16
18
29
37
40
42
59
65
80
86
93
100
112
114
116
118
119
125
128
130
135
135
149
149
151
161
162
176
169
135
131
127
111
92
80
58
53
48
44
41
36
32
28
24
18
12
6
3
10
16
19
23
23
24
29
32
32
34
38
39
42
45
54
79
82
109
115
125
126
126
130
135
151
153
165
167
175
167
166
164
164
161
158
157
156
151
148
147
138
129
128
122
113
109
105
85
76
75
72
68
65
61
53
45
39
38
14
14
7
12
13
24
37
47
54
65
82
82
89
95
97
107
111
116
130
138
157
159
160
163
165
168
155
154
153
152
116
116
111
109
100
97
92
91
74
70
70
68
62
56
51
51
48
47
46
45
38
23
22
19
13
18
21
23
25
29
30
30
37
37
48
76
88
97
99
108
112
115
115
120
121
126
132
141
152
162
173
163
158
156
137
119
101
93
85
81
80
69
69
64
60
51
43
42
42
11
5
6
10
17
22
37
47
50
60
73
77
89
92
159
157
146
146
145
122
119
118
102
93
91
76
68
68
68
63
58
46
39
14
9
8
8
16
17
34
36
39
44
49
57
77
91
106
108
111
126
126
129
147
158
158
179
173
161
156
152
152
143
120
98
92
82
68
65
64
174
169
166
165
161
157
155
153
146
145
136
134
133
122
115
112
102
90
85
72
53
40
39
34
24
23
20
16
13
8
4
22
36
37
38
39
40
43
45
48
56
57
59
69
69
81
82
82
88
125
127
128
129
136
152
179
179
167
167
162
161
154
148
148
147
144
142
131
113
105
105
104
101
100
98
93
85
84
83
63
59
52
49
48
38
32
27
25
18
16
9
22
31
34
39
46
51
52
57
72
81
111
113
119
122
122
125
130
138
138
145
164
167
173
174
180
160
160
160
158
140
139
129
129
113
104
86
84
81
77
72
70
68
61
58
54
54
51
47
36
27
23
22
12
1
10
13
27
31
32
34
40
42
44
49
50
59
62
65
79
81
81
89
89
92
106
108
117
129
131
134
140
143
145
146
147
147
151
151
156
157
161
175
165
159
146
143
142
141
134
133
126
117
115
101
96
93
93
88
70
67
64
58
52
51
43
42
41
40
38
33
28
17
12
6
6
21
27
31
41
41
44
48
59
88
92
107
107
109
112
115
119
139
139
157
162
180
172
157
143
140
135
123
109
104
86
77
77
73
73
71
69
62
61
60
59
59
50
49
43
43
42
39
26
25
21
17
9
9
4
8
15
18
27
31
32
45
49
53
75
87
93
95
111
113
118
125
128
133
160
168
166
143
141
132
125
110
109
107
100
90
88
87
86
80
80
76
74
73
63
61
59
52
44
29
2
9
11
30
45
54
70
74
81
82
84
88
93
96
96
108
111
112
118
121
128
132
132
143
152
152
171
162
158
154
146
145
141
138
128
121
114
88
86
80
65
63
60
58
52
51
36
35
28
26
21
14
10
12
18
28
29
29
33
38
38
