169
158
140
122
115
95
85
72
63
41
35
26
24
21
7
24
29
41
54
79
95
103
117
143
160
164
166
169
174
174
172
166
163
142
113
98
69
61
52
48
37
32
28
27
24
21
17
14
17
18
19
20
22
24
26
28
31
47
58
69
90
141
147
160
171
146
141
135
128
121
107
104
103
83
56
49
46
46
39
37
35
26
24
16
16
44
48
65
76
99
102
133
138
154
162
167
168
175
173
133
108
102
93
85
85
83
77
74
64
64
160
153
149
143
138
136
134
131
130
128
124
102
97
70
51
43
37
25
24
15
13
11
8
2
6
14
18
24
48
55
79
79
93
102
111
115
125
129
131
139
145
149
154
155
159
160
180
165
158
148
148
134
134
112
109
106
101
100
85
82
79
77
72
61
57
49
47
37
29
23
6
6
28
37
53
62
99
118
130
134
139
160
180
160
141
109
97
89
62
60
53
52
17
37
50
51
58
59
63
64
88
94
97
98
99
119
120
126
130
146
148
170
168
166
159
125
112
102
98
92
84
79
77
73
51
42
36
32
27
25
23
15
9
20
26
30
64
65
95
107
115
116
134
134
141
149
173
150
145
139
122
119
110
92
84
82
77
70
175
175
171
168
157
98
97
68
46
45
16
11
5
14
19
42
42
46
62
81
83
102
106
123
131
131
142
180
170
170
128
113
108
90
86
62
58
11
13
16
43
44
76
83
92
109
128
137
144
154
162
162
148
140
135
128
114
110
104
91
80
64
59
41
36
29
7
23
24
44
49
67
70
74
85
91
96
97
98
118
125
129
134
136
142
161
127
124
121
101
97
92
88
80
79
72
64
45
17
15
9
18
29
42
65
86
93
100
112
114
116
118
119
125
130
135
149
151
161
162
169
135
111
92
48
44
32
28
24
18
12
23
24
29
32
34
38
39
45
54
79
109
126
130
135
151
153
165
175
167
166
164
164
161
156
148
129
128
122
109
85
75
68
65
61
53
45
39
38
7
12
13
24
37
47
54
65
82
89
107
157
160
163
168
155
154
153
152
111
109
97
74
70
68
62
51
51
48
47
46
38
22
19
13
18
23
25
29
30
30
48
76
97
112
115
120
121
132
141
163
158
101
93
85
80
69
69
64
43
42
42
11
6
17
22
37
73
92
159
157
145
122
119
102
93
91
76
68
68
63
58
46
39
8
16
36
39
44
49
57
91
108
111
126
129
147
179
161
156
152
152
143
120
92
82
68
64
174
166
165
157
155
153
146
145
134
133
112
102
85
72
53
39
34
24
20
36
38
39
40
43
45
48
59
69
69
81
82
127
129
136
152
179
179
167
167
161
148
147
144
113
105
104
100
98
93
84
63
59
52
38
32
25
18
16
9
22
31
34
46
51
52
57
111
113
119
122
130
138
145
173
174
180
158
139
129
129
86
84
81
77
72
70
68
61
58
54
54
51
22
12
1
13
27
31
34
40
50
59
79
81
89
89
92
108
129
131
134
140
145
147
147
151
151
156
157
159
146
142
126
115
101
96
93
88
70
67
52
51
42
40
28
17
12
6
6
31
59
92
107
107
112
115
119
139
157
162
180
157
143
140
135
123
104
86
77
77
73
71
69
59
59
43
43
42
39
25
21
17
9
9
8
15
18
31
32
53
75
87
93
95
133
160
168
166
143
141
132
110
109
90
88
86
80
80
76
74
61
59
52
44
2
9
11
30
45
54
70
81
82
84
93
96
96
112
118
121
128
132
132
143
152
158
145
141
138
128
114
88
80
65
58
51
36
21
12
18
29
33
38