178
176
176
176
176
176
161
160
159
152
149
148
144
139
137
114
112
110
107
103
101
91
86
81
77
76
75
63
57
55
54
53
46
44
38
30
30
23
20
17
17
180
178
177
171
161
144
141
138
138
134
130
127
121
108
106
105
101
97
96
81
80
79
78
78
77
68
65
64
54
46
44
35
31
27
26
23
19
14
5
177
174
171
155
149
139
138
127
118
117
116
114
97
83
80
79
72
65
64
63
47
43
42
31
21
18
14
11
11
167
165
165
164
144
136
129
128
122
121
119
110
104
99
98
96
88
84
82
81
80
72
64
59
57
55
54
46
40
37
23
13
4
177
176
172
168
164
154
147
144
144
138
123
116
109
104
95
95
90
88
87
70
68
66
65
60
55
45
45
42
41
40
39
34
30
21
12
10
9
7
6
176
174
172
167
160
156
155
154
151
146
137
129
125
122
112
111
104
99
89
87
79
78
75
72
56
50
48
38
28
24
19
17
17
8
2
166
159
155
152
149
143
135
132
130
128
127
127
125
116
115
102
99
77
67
64
64
55
42
40
37
33
26
17
9
8
7
6
163
160
155
153
148
147
143
124
122
121
113
113
107
98
97
95
85
82
81
76
74
67
58
55
49
46
44
39
33
21
16
15
10
6
179
178
173
168
166
154
146
142
138
132
125
122
114
110
106
103
99
98
97
96
90
89
86
80
71
66
65
49
42
40
40
39
39
35
31
21
15
13
13
10
180
177
169
166
164
154
152
144
137
136
136
126
111
99
90
84
79
72
72
69
67
65
56
48
43
37
31
30
27
25
6
173
156
156
153
151
151
151
150
149
145
142
141
137
135
130
130
129
126
121
113
111
111
106
106
97
86
83
82
82
79
78
63
63
56
47
47
45
41
40
37
34
33
30
23
22
17
6
5
179
173
171
171
170
160
145
143
124
123
121
120
115
113
88
87
78
75
75
71
67
66
66
66
61
54
53
49
43
41
41
41
35
34
33
28
27
26
18
13
10
9
8
5
5
180
173
168
162
156
152
149
171
169
159
149
145
143
143
142
140
138
123
122
120
116
114
102
102
100
99
92
81
81
79
73
71
68
67
61
59
58
53
52
45
43
39
35
35
31
31
20
17
14
8
4
178
173
172
171
169
162
158
152
148
146
117
115
103
98
94
92
91
77
70
69
64
55
48
32
28
26
25
5
2
180
172
167
162
160
153
146
134
131
126
125
122
119
115
114
99
94
92
88
86
78
75
74
72
71
67
48
45
43
42
39
18
11
6
179
167
167
163
152
143
140
133
131
129
128
126
123
119
114
109
104
102
100
93
84
78
71
71
69
59
58
47
45
32
30
17
10
8
4
176
171
167
159
155
155
154
154
151
143
135
132
122
119
118
110
105
90
89
77
76
65
65
64
63
63
47
38
35
24
12
5
171
171
168
167
149
143
134
132
131
125
125
124
118
114
114
112
108
102
99
92
87
86
79
78
72
63
46
40
40
39
34
32
30
29
24
17
15
13
3
176
175
175
169
165
160
157
153
151
147
143
138
135
115
111
110
89
84
84
80
75
73
70
69
68
68
61
57
56
56
52
45
23
18
16
10
4
176
171
162
159
158
155
155
138
136
126
123
122
119
116
115
114
99
95
89
88
73
71
64
61
59
58
57
45
45
43
40
31
29
20
20
15
7
7
6
177
173
172
163
162
159
153
143
141
140
138
130
129
128
119
116
115
108
100
96
91
80
74
52
49
44
40
40
39
21
20
19
18
17
16
14
8
179
177
164
163
159
151
149
123
120
115
95
81
81
73
71
67
64
59
44
34
29
25
23
18
10
9
8
7
3
180
171
170
166
163
161
147
140
136
132
132
132
132
132
132
132
132
132
132
132
132
132
132
132
132
132
132
132
132
132
132
132
132
132
132
132
132
132
132
132
132
132
132
132
174
170
167
156
146
141
141
137
126
124
119
108
107
97
94
93
83
81
68
61
59
52
43
41
33
23
11
7
