178
176
176
176
11
13
15
15
23
26
34
43
54
79
87
90
104
110
110
111
119
121
127
147
148
152
153
164
176
176
161
160
159
152
149
148
144
139
137
114
112
110
107
103
101
91
86
81
77
76
75
63
57
55
54
53
46
44
38
30
30
23
20
17
17
3
13
24
31
34
39
42
45
49
59
71
74
99
107
109
118
123
124
125
125
126
128
131
136
140
140
150
151
151
156
156
162
180
178
177
171
161
144
141
138
138
134
130
127
121
108
106
105
101
97
96
81
80
79
78
78
77
68
65
64
54
46
44
35
31
27
26
23
19
14
5
2
2
3
4
9
9
23
24
27
30
31
38
49
50
53
71
93
95
98
121
125
126
145
150
169
177
178
177
174
171
155
149
139
138
127
118
117
116
114
97
83
80
79
72
65
64
63
47
43
42
31
21
18
14
11
11
7
10
29
33
37
47
51
54
57
62
69
75
84
84
86
88
93
115
117
134
146
149
150
150
161
169
173
175
176
167
165
165
164
144
136
129
128
122
121
119
110
104
99
98
96
88
84
82
81
80
72
64
59
57
55
54
46
40
37
23
13
4
1
8
10
17
26
33
47
50
55
64
67
67
76
91
96
98
102
103
107
118
123
136
137
155
161
161
162
174
176
177
176
172
168
164
154
147
144
144
138
123
116
109
104
95
95
90
88
87
70
68
66
65
60
55
45
45
42
41
40
39
34
30
21
12
10
9
7
6
25
33
36
48
54
62
76
77
79
80
82
86
93
97
105
121
122
129
143
150
159
161
162
164
166
176
174
172
167
160
156
155
154
151
146
137
129
125
122
112
111
104
99
89
87
79
78
75
72
56
50
48
38
28
24
19
17
17
8
2
14
19
35
38
42
45
50
57
75
77
79
15
166
159
155
152
149
143
135
132
130
128
127
127
125
116
115
102
99
77
67
64
64
55
42
40
37
33
26
17
9
8
7
6
3
6
17
21
21
30
35
45
48
52
53
54
62
62
74
76
78
80
80
94
108
113
119
126
127
127
131
135
141
145
146
152
153
159
161
164
169
175
178
163
160
155
153
148
147
143
124
122
121
113
113
107
98
97
95
85
82
81
76
74
67
58
55
49
46
44
39
33
21
16
15
10
6
11
14
16
34
41
46
67
83
87
102
106
113
120
126
126
126
133
139
140
142
151
162
172
177
178
179
178
173
168
166
154
146
142
138
132
125
122
114
110
106
103
99
98
97
96
90
89
86
80
71
66
65
49
42
40
40
39
39
35
31
21
15
13
13
10
2
3
8
13
19
23
25
40
48
51
54
63
68
82
84
94
100
153
164
176
180
177
169
166
164
154
152
144
137
136
136
126
111
99
90
84
79
72
72
69
67
65
56
48
43
37
31
30
27
25
6
8
9
13
19
20
22
23
29
32
34
43
46
48
57
71
75
80
83
86
87
99
101
123
125
130
133
134
135
142
152
153
155
155
161
172
178
173
156
156
153
151
151
151
150
149
145
142
141
137
135
130
130
129
126
121
113
111
111
106
106
97
86
83
82
82
79
78
63
63
56
47
47
45
41
40
37
34
33
30
23
22
17
6
5
29
33
40
47
55
61
63
69
76
79
80
86
88
91
98
131
135
139
143
143
144
158
167
170
179
173
171
171
170
160
145
143
124
123
121
120
115
113
88
87
78
75
75
71
67
66
66
66
61
54
53
49
43
41
41
41
35
34
33
28
27
26
18
13
10
9
8
5
5
9
14
15
28
45
49
58
59
71
74
78
81
88
94
108
124
126
129
135
135
139
143
156
156
174
179
180
173
168
162
156
152
149
2
5
6
8
14
14
15
23
24
31
34
37
40
43
53
59
60
70
71
75
79
84
95
100
106
113
114
117
123
129
138
148
164
166
169
171
175
171
169
159
149
145
143
143
142
140
138
123
122
120
116
114
102
102
100
99
92
81
81
79
73
71
68
67
61
59
58
53
52
45
43
39
35
35
31
31
20
17
14
8
4
11
15
26
45
48
51
52
57
61
64
74
76
77
78
79
85
93
94
97
99
103
106
108
110
119
134
140
142
144
148
163
164
168
178
173
172
171
169
162
158
152
148
146
117
115
103
98
94
92
91
77
70
69
64
55
48
32
28
26
25
5
2
13
15
16
19
20
27
35
36
50
56
58
72
76
78
98
98
100
111
114
120
125
132
134
135
137
138
148
155
157
161
165
177
180
172
167
162
160
153
146
134
131
126
125
122
119
115
114
99
94
92
88
86
78
75
74
72
71
67
48
45
43
42
39
18
11
6
11
18
19
21
42
45
46
47
51
58
71
74
78
86
91
95
116
118
126
143
153
153
162
165
173
179
167
167
163
152
143
140
133
131
129
128
126
123
119
114
109
104
102
100
93
84
78
71
71
69
59
58
47
45
32
30
17
10
8
4
8
8
20
27
27
42
58
66
73
79
82
82
88
93
96
103
106
108
117
122
128
131
138
141
144
147
149
151
154
160
161
163
169
173
176
171
167
159
155
155
154
154
151
143
135
132
122
119
118
110
105
90
89
77
76
65
65
64
63
63
47
38
35
24
12
5
7
12
15
33
36
48
59
63
82
98
99
105
106
122
122
127
130
132
144
145
147
159
161
167
171
173
171
171
168
167
149
143
134
132
131
125
125
124
118
114
114
112
108
102
99
92
87
86
79
78
72
63
46
40
40
39
34
32
30
29
24
17
15
13
3
6
16
18
18
22
26
29
34
37
48
54
61
65
73
78
83
83
84
84
90
97
106
107
115
137
140
145
151
155
162
168
174
179
176
175
175
169
165
160
157
153
151
147
143
138
135
115
111
110
89
84
84
80
75
73
70
69
68
68
61
57
56
56
52
45
23
18
16
10
4
38
42
42
43
43
49
51
52
56
58
61
64
64
80
81
91
94
98
102
113
119
126
131
138
146
149
158
161
162
163
164
170
177
176
171
162
159
158
155
155
138
136
126
123
122
119
116
115
114
99
95
89
88
73
71
64
61
59
58
57
45
45
43
40
31
29
20
20
15
7
7
6
19
21
23
26
30
36
37
39
41
46
48
51
52
61
65
74
85
93
97
97
97
98
102
109
116
122
124
132
137
138
140
146
152
156
157
167
171
172
173
177
177
173
172
163
162
159
153
143
141
140
138
130
129
128
119
116
115
108
100
96
91
80
74
52
49
44
40
40
39
21
20
19
18
17
16
14
8
3
3
8
22
25
27
36
37
42
46
47
50
64
70
76
93
95
101
110
120
123
126
127
131
142
153
157
165
166
179
177
164
163
159
151
149
123
120
115
95
81
81
73
71
67
64
59
44
34
29
25
23
18
10
9
8
7
3
4
20
26
26
30
48
51
55
57
60
60
62
71
80
80
81
81
92
105
105
108
112
113
119
127
131
132
133
137
138
147
150
157
159
159
167
172
179
180
171
170
166
163
161
147
140
136
132
132
132
132
132
132
132
132
132
132
132
132
132
132
132
132
132
132
132
132
132
132
132
132
132
132
132
132
132
132
132
132
132
132
132
6
18
20
21
31
34
50
52
66
67
81
86
94
94
97
124
130
134
150
154
154
159
165
171
175
176
174
170
167
156
146
141
141
137
126
124
119
108
107
97
94
93
83
81
68
61
59
52
43
41
33
23
11
7
8
41
48
54
55
71
79
81
82
84
94
99
102
103
109
