179
132
132
130
117
115
98
95
92
91
79
68
64
60
58
46
37
33
23
9
3
15
19
27
32
33
48
50
59
64
64
69
86
99
109
112
161
163
176
160
158
157
156
146
138
132
131
127
123
123
116
110
105
99
91
90
90
70
66
66
61
58
52
44
43
35
22
18
5
14
18
33
35
37
38
39
41
52
54
57
65
68
72
74
75
78
89
94
110
118
119
133
134
135
136
142
145
146
161
161
168
170
178
172
161
145
144
143
133
128
117
115
96
93
93
92
88
86
75
74
74
66
61
58
57
50
46
44
34
21
1
7
21
30
33
42
46
46
74
91
100
105
105
106
121
130
132
134
148
148
161
166
155
148
146
139
136
133
133
117
115
109
99
70
67
60
60
53
51
49
49
48
38
34
31
26
10
11
36
46
54
57
61
61
72
75
82
99
108
118
119
125
127
135
144
146
159
171
169
169
165
162
161
157
154
151
150
145
140
135
129
109
91
90
87
82
77
74
74
65
64
61
50
48
41
40
17
10
9
10
12
16
23
25
32
36
39
44
57
68
68
100
101
109
121
136
157
160
168
168
180
179
179
174
143
142
141
139
121
107
101
66
62
59
59
53
51
39
23
22
16
6
2
8
27
42
45
60
61
66
80
97
106
115
117
125
128
129
134
139
171
173
164
161
160
156
144
140
140
132
132
123
122
118
112
105
99
90
84
77
77
66
61
60
60
59
57
47
45
43
41
40
35
4
11
27
31
34
35
51
54
56
61
61
68
83
84
87
100
101
109
120
124
133
147
147
148
165
169
178
168
164
157
149
145
143
140
131
116
110
107
101
80
78
75
62
54
42
27
20
14
10
9
8
1
2
15
17
32
37
54
57
64
82
87
94
111
113
123
155
157
161
170
167
163
159
158
150
140
135
119
118
116
115
110
100
99
97
80
76
73
68
65
49
47
14
13
11
2
3
9
9
21
33
42
67
68
82
86
97
113
118
119
152
160
169
175
173
167
159
155
150
145
136
122
113
108
99
92
77
74
72
72
70
63
61
58
55
47
46
37
29
24
23
23
20
0
13
16
26
26
33
33
46
68
73
77
101
112
125
143
146
160
170
172
180
175
168
152
148
143
139
131
126
117
108
100
100
99
97
88
65
59
54
47
39
37
35
27
12
6
0
33
33
37
38
57
77
80
85
88
94
102
106
108
119
131
135
138
149
169
176
174
146
145
142
139
135
128
125
118
113
110
103
102
102
97
89
83
77
67
47
43
34
21
19
11
8
9
18
20
20
23
32
44
46
49
75
80
87
91
98
100
103
119
124
134
135
141
143
145
148
156
160
162
164
171
174
180
174
173
167
154
138
135
129
124
106
102
95
94
92
79
77
73
73
71
53
45
37
36
30
17
6
6
6
20
21
39
45
52
52
59
88
92
99
101
102
109
116
127
139
143
144
149
179
172
171
161
149
129
121
110
108
88
75
71
58
47
40
35
34
23
21
13
12
6
7
10
12
16
22
25
26
27
30
37
38
48
49
50
52
58
63
70
88
89
102
108
118
126
127
140
144