156
143
138
137
120
106
101
86
73
61
32
22
19
27
40
64
109
136
152
162
163
178
161
160
150
147
128
76
49
38
25
19
17
57
107
120
122
128
156
172
166
118
106
106
62
56
49
35
19
28
37
59
73
101
111
120
122
176
171
111
103
35
27
14
12
49
90
91
93
99
110
128
132
175
68
63
62
59
42
33
24
10
60
73
92
109
121
145
151
177
171
155
155
150
137
129
104
52
46
41
25
20
15
4
9
21
53
57
86
89
99
105
109
117
130
130
150
151
153
167
129
121
121
110
80
64
62
49
48
47
39
37
20
27
29
63
65
66
68
104
113
159
135
77
71
37
55
70
124
133
151
162
162
156
151
147
146
141
129
126
98
85
84
63
35
28
27
19
13
70
74
85
160
161
164
174
175
172
166
138
118
99
63
61
54
46
15
37
54
88
108
110
113
114
135
141
157
163
173
179
136
135
127
121
97
79
78
36
31
29
3
25
31
53
62
72
143
149
166
156
146
135
121
121
71
61
54
9
40
61
105
127
142
152
163
172
146
140
97
87
84
82
81
70
57
25
24
12
18
87
111
114
131
67
66
63
42
38
10
8
42
59
62
74
80
111