13
23
23
42
60
68
76
83
88
98
110
112
116
121
128
144
144
149
152
158
161
164
179
156
151
140
139
125
114
100
90
89
86
83
75
61
34
16
12
12
10
8
3
7
7
9
9
10
16
18
40
47
51
62
70
70
81
85
97
114
122
132
136
137
143
146
148
152
154
157
158
160
163
167
171
165
162
161
160
159
159
157
155
153
153
151
149
137
132
124
123
121
119
112
109
104
87
58
43
36
33
30
16
5
10
32
36
40
47
50
52
54
62
76
79
80
85
87
95
100
105
128
136
138
139
145
148
150
159
161
165
169
169
172
135
131
113
101
89
84
78
75
71
61
54
52
44
38
23
22
15
11
9
8
3
6
8
24
50
74
81
88
90
98
98
101
107
109
120
120
