23
76
83
110
116
128
144
152
140
114
90
89
86
12
3
9
10
47
51
62
70
81
97
137
143
146
154
165
159
153
137
124
123
119
112
104
58
43
33
10
32
50
52
85
87
95
105
165
172
89
84
71
61
54
52
22
11
3
24
88

13
42
95
98
122
148
174
144
96
22
7
24
72
74
121
133
163
170
173
154
146
98
71
46
37
22
15
3
35
41
41
55
60
82
85
102
125
136
162
171
137
106
76
59
21
38
48
48
114
121
125
141
154
174
160
134
116
106
22
22
9
1
43
50
61
111

176
176
15
79
104
127
152
149
112
81
75
63
54
53
30
23
13
39
42
99
124
125
136
140
151
151
141
138
108
65
35
23
2
30
31
53
95
149
118
117
97
72
64
47
43
47
62
88
146
149
169
165
136
88
84
72
57
55
40
4
8
67
98
118
137
176
176
154
116
88
66
65
45
30
9
6
36
48
54
79
82
121
122
129
161
162
174
172
160
155
137
129
78
24
14
35
38
42
155
152
149
132
128
127
102
99
67
64
26
7
6
6
17
35
54
78
80
119
127
145
153
159
163
155
153
122
82
67
58
15
10
14
46
83
166
154
132
122
98
97
89
42
40
35
21
13
2
13
68
84
100
153
164
154
152
137
126
90
67
56
27
9
48
80
87
99
125
161
150
149
135
126
83
82
56
45
40
34
5
63
76
80
86
88
143
179
171
124
88
75
71
54
43
33
26
9
14
28
49
58
88
156
174
180
173
162
156
152
