13
23
42
60
68
88
98
112
121
144
149
158
161
164
179
156
151
139
125
100
83
75
61
34
16
12
10
8
7
7
9
16
18
40
70
85
114
122
132
136
148
152
157
158
160
163
167
171
162
161
160
159
157
155
153
151
149
132
121
109
87
36
30
16
5
36
40
47
54
62
76
79
80
100
128
136
138
139
145
148
150
159
161
169
169
135
131
113
101
78
75
44
38
23
15
9
8
6
8
50
74
81
90
98
98
101
107
109
120
120
22
29
33
39
45
46
48
52
52
54
58
81
86
113
133
141
147
160
160
170
172
174
177
178
173
166
162
155
131
123
99
99
85
75
66
62
51
48
46
38
31
27
22
21
17
16
1
16
23
33
34
47
48
71
73
76
81
82
98
101
104
106
111
122
127
135
137
147
155
161
178
178
152
142
126
117
79
59
47
42
38
16
1
21
41
73
86
94
122
123
131
131
163
142
129
128
121
120
116
115
90
84
80
79
79
58
57
51
46
30
28
6
13
16
22
57
71
81
85
91
99
104
106
110
133
142
148
152
157
159
162
170
176
159
154
149
115
114
82
70
62
62
43
43
36
27
8
32
36
42
61
63
73
91
99
102
107
114
6
6
10
13
24
86
86
117
138
140
170
174
175
166
160
137
137
133
116
97
95
76
71
54
46
46
35
1
12
12
54
70
75
93
98
122
127
169
167
164
136
135
102
95
86
69
50
40
33
23
14
19
34
42
47
55
69
73
78
92
103
120
125
143
148
156
178
156
155
135
129
111
108
104
92
86
82
81
79
59
52
48
42
41
35
21
55
58
61
82
86
91
95
104
104
112
120
139
168
170
176
161
150
137
113
91
84
77
65
64
61
59
59
52
47
41
27
26
15
15
12
47
72
90
136
140
152
156
161
166
173
156
155
151
147
146
141
140
134
125
100
69
52
47
42
26
24
12
6
15
15
18
18
20
25
34
53
54
60
74
98
109
115
118
123
131
139
145
146
178
168
167
155
142
132
125
113
97
89
70
20
17
14
8
26
28
28
30
72
74
87
110
114
116
122
133
133
136
137
139
146
163
166
167
161
156
154
150
149
149
130
102
81
65
63
57
57
45
36
19
23
81
90
98
103
114
115
119
141
142
142
173
174
163
157
142
105
86
23
25
36
60
63
81
90
93
108
116
116
121
126
138
145
177
164
143
140
135
130
122
87
69
66
51
47
29
2
20
25
29
30
39
63
91
101
115
120
7
15
16
25
27
28
36
36
48
49
70
81
98
111
130
145
150
160
164
143
141
140
139
136
134
131
120
110
110
97
96
51
48
41
25
2
2
14
14
20
33
35
38
70
78
79
82
85
90
99
120
125
132
146
153
159
166
169
172
159
149
146
135
129
128
123
67
66
59
57
49
40
33
4
3
1
23
43
53
53
98
100
103
107
112
114
116
123
127
131
131
134
163
173
179
166
153
149
146
139
129
119
99
97
89
89
85
70
48
46
43
37
32
30
30
26
26
20
19
23
36
40
56
67
82
87
89
95
113
116
132
133
142
144
157
168
172
179
174
148
120
86
71
71
65
62
58
37
19
14
1
24
39
42
47
59
79
97
106
107
111
113
115
125
125
141
142
143
145
160
163
168
176
176
172
165
162
148
147
125
103
91
84
83
44
16
13
16
39
41
50
74
74
93
95
97
104
104
108
110
123
125
133
140
178
171
169
149
134
125
108
97
96
94
85
82
82
66
59
56
49
45
45
34
25
23
37
41
44
54
68
95
104
119
126
133
149
164
168
161
151
147
142
