11
11
13
23
23
42
50
60
64
68
76
83
88
94
98
98
110
112
116
121
127
128
131
144
144
149
152
154
158
161
164
179
167
156
151
151
140
139
138
134
125
114
109
107
107
100
97
90
89
86
83
75
65
61
34
16
12
12
10
8
3
7
7
9
9
10
10
16
18
23
24
31
34
40
40
47
51
62
70
70
81
85
88
93
97
114
116
118
122
122
132
136
137
143
146
148
152
154
157
158
160
163
167
171
172
174
172
169
165
162
161
160
159
159
157
155
153
153
151
149
137
132
124
123
121
119
112
111
109
104
101
87
86
61
58
45
45
43
36
36
34
33
30
29
16
5
10
32
36
40
47
50
52
52
54
56
62
68
76
79
80
81
85
87
95
100
105
113
128
136
138
139
145
148
150
155
156
159
161
165
165
169
169
172
151
136
135
133
131
113
111
101
95
89
84
78
75
71
61
54
52
51
44
38
23
22
15
13
13
11
9
8
3
5
6
8
24
29
50
74
81
88
90
98
98
101
107
109
120
120
4
11
16
22
29
33
36
37
39
41
43
44
44
45
45
46
48
52
52
54
54
58
60
79
81
85
86
111
113
119
124
133
141
147
159
160
160
170
172
174
177
178
178
173
170
166
162
155
138
131
130
123
99
99
99
94
86
85
82
75
71
70
69
68
66
65
62
51
48
46
43
38
31
27
23
22
22
21
18
17
16
9
1
16
20
20
23
25
33
34
47
48
62
71
71
73
76
81
82
84
98
101
103
104
105
106
111
113
114
118
122
126
126
127
133
133
135
137
147
155
161
170
178
178
175
165
160
155
152
152
148
144
142
140
127
126
122
117
85
79
76
72
71
68
61
59
57
47
43
42
38
28
16
16
12
11
2
2
1
3
7
16
21
21
41
42
45
57
60
63
64
64
72
73
77
86
89
94
95
98
105
118
122
123
131
131
137
140
140
149
169
170
163
163
157
145
142
131
129
128
125
124
121
120
120
116
115
112
90
87
84
80
79
79
76
66
66
58
57
51
49
46
42
30
28
27
7
6
7
13
16
19
22
22
43
55
57
58
71
71
81
85
85
91
99
99
100
101
104
106
110
112
113
120
130
133
139
142
148
152
152
157
158
159
162
168
168
170
176
175
171
167
167
163
159
154
150
149
141
138
138
137
115
114
112
109
107
106
92
82
82
78
70
69
69
67
62
62
60
43
43
36
27
25
10
8
18
18
26
32
36
42
45
49
50
50
61
63
65
66
73
80
83
88
91
93
99
100
101
102
107
109
114
1
6
6
10
11
12
13
13
24
34
43
45
86
86
86
88
88
89
108
117
118
120
125
126
129
135
138
140
149
161
170
172
174
175
174
173
166
161
160
148
145
137
137
133
116
106
97
96
95
93
86
76
71
58
54
46
46
42
35
18
16
1
12
12
27
41
42
44
47
54
54
69
70
72
75
77
93
95
96
98
106
115
120
121
122
127
130
136
154
164
166
170
180
170
169
167
166
164
159
155
147
136
135
128
121
117
114
102
98
95
90
86
84
72
69
55
50
48
44
44
40
33
29
25
23
18
14
6
8
12
15
19
23
31
33
34
37
42
47
50
55
69
73
73
78
80
92
103
116
120
125
143
148
151
156
156
163
172
178
167
164
157
156
156
155
153
144
144
143
138
136
135
129
124
111
108
108
104
98
98
92
86
84
82
82
81
79
79
78
72
59
57
52
52
51
48
46
43
42
41
35
33
30
19
1
2
21
30
35
36
44
55
55
58
60
60
61
79
82
86
90
91
95
104
104
104
109
112
115
120
136
138
139
140
142
147
161
166
168
170
176
164
161
160
150
149
143
140
139
137
120
113
112
98
92
91
86
84
80
77
65
64
61
59
59
53
52
49
47
42
41
32
28
27
26
15
15
5
12
30
46
47
47
51
55
72
90
92
99
103
125
131
134
136
140
143
148
152
156
161
161
166
172
173
179
177
169
164
161
157
156
155
151
151
147
147
146
141
140
137
134
125
113
101
100
100
97
82
69
63
54
52
52
51
47
42
26
26
25
24
12
9
6
15
15
18
18
20
23
24
25
30
34
34
42
44
53
54
60
70
74
77
91
98
108
109
110
111
115
118
123
124
131
139
145
146
147
171
171
178
171
168
167
156
155
152
142
132
132
125
113
97
97
94
89
89
83
80
70
67
62
59
47
46
39
20
20
18
17
14
12
8
6
4
6
7
14
17
26
26
28
28
30
37
60
66
67
72
74
83
87
91
92
110
114
114
116
122
128
133
133
136
137
139
140
146
158
162
163
166
166
179
167
161
159
156
154
150
149
149
143
143
130
108
102
91
81
79
70
65
63
62
59
57
57
54
52
45
38
36
25
15
3
12
13
19
23
24
25
31
45
64
71
81
90
98
102
103
114
115
119
123
133
136
141
142
142
173
178
175
174
169
165
163
163
157
142
136
132
129
118
105
101
89
86
80
78
17
19
23
25
33
36
36
36
60
63
64
81
90
91
93
105
108
116
116
116
121
126
133
138
145
168
170
171
175
177
173
172
164
164
163
145
143
140
135
130
122
101
87
82
74
71
69
66
64
51
51
47
30
29
28
26
18
18
2
8
8
20
25
27
28
29
30
31
39
46
63
71
85
90
91
97
101
106
115
119
120
7
12
13
15
16
21
25
27
28
33
36
36
45
45
48
49
50
60
61
67
70
81
93
98
104
111
111
122
127
129
130
132
144
145
150
152
153
160
161
164
168
171
174
176
176
180
176
157
149
143
142
141
141
140
139
136
134
133
131
123
122
120
110
110
104
97
96
96
90
77
52
51
49
48
41
32
25
2
2
3
14
14
15
19
20
22
28
33
34
35
38
40
52
70
78
78
79
82
82
85
85
86
90
98
99
100
112
120
124
125
132
135
135
136
146
153
153
153
157
159
166
169
173
172
165
159
154
149
146
142
135
129
128
124
123
107
99
94
67
66
59
57
56
56
54
49
40
40
36
33
16
13
11
4
3
1
14
21
22
22
23
36
40
40
43
43
53
53
70
79
98
100
103
107
112
114
116
123
127
131
131
134
138
149
158
162
163
173
179
179
170
166
153
149
147
146
139
137
135
134
130
129
119
117
117
114
111
106
105
99
97
97
89
89
85
71
70
60
48
46
43
37
34
32
30
30
30
26
26
20
19
16
5
6
16
16
17
23
23
36
39
40
41
48
49
56
66
67
71
82
87
89
90
95
113
116
120
126
132
133
141
142
143
144
144
146
152
157
164
167
168
172
179
179
174
163
159
154
152
151
148
145
142
138
138
135
131
123
120
115
104
90
86
71
71
68
65
62
58
38
37
23
19
14
1
9
11
24
24
39
42
47
47
59
59
63
68
74
79
96
97
106
107
111
111
113
115
122
123
124
125
125
133
135
136
141
142
143
145
158
159
160
163
163
168
176
176
176
172
165
162
153
148
147
144
134
130
125
105
103
100
99
91
85
84
83
77
76
68
66
64
59
52
49
44
22
16
13
16
39
41
45
47
50
58
74
74
76
83
88
93
95
96
97
104
104
108
110
110
118
121
123
125
133
140
145
154
155
159
169
178
171
169
149
134
125
113
108
105
105
97
96
94
90
85
82
82
78
69
66
66
62
59
59
56
49
45
45
45
34
25
25
24
8
10
18
19
23
27
31
36
37
41
44
54
56
62
68
95
97
98
104
104
119
121
121
124
126
132
133
137
149
150
157
159
164
171
175
168
163
162
161
159
151
151
150
147
142
141
