169
158
158
140
122
115
107
100
95
85
74
72
68
63
56
41
41
35
33
26
24
21
7
24
29
39
41
54
65
79
88
89
92
95
103
117
143
160
164
164
166
169
178
174
174
172
172
172
166
163
142
135
131
120
113
113
102
98
86
69
61
52
48
47
42
38
37
32
30
28
27
24
21
17
14
14
17
18
19
20
21
22
24
26
27
28
31
42
47
55
56
58
60
67
69
74
90
119
134
141
144
147
160
171
171
150
146
141
135
133
130
128
121
107
104
103
98
96
89
83
79
56
49
46
46
39
37
35
26
24
20
16
16
13
44
48
65
76
89
94
99
102
107
116
123
125
133
138
154
154
162
165
167
168
172
175
173
157
133
108
102
95
93
85
85
83
77
74
64
64
0