9
20
25
26
34
51
54
56
61
71
72
77
88
91
95
95
110
115
122
123
130
131
132
134
140
144
145
160
168
170
172
8
9
15
19
31
32
33
36
37
53
57
62
65
67
71
72
73
77
80
81
83
86
92
94
115
117
121
122
128
139
140
144
151
153
161
165
166
169
172
1
15
21
27
32
38
41
42
45
47
52
55
56
57
72
84
86
88
97
99
100
102
112
118
118
129
131
139
143
145
148
150
150
154
158
161
163
164
164
166
167
173
173
5
7
12
16
21
26
27
45
47
49
54
63
63
67
72
76
88
91
102
102
106
116
117
122
131
131
139
147
149
155
156
159
160
161
164
171
171
175
4
15
16
18
21
28
29
31
33
37
40
43
44
53
59
60
61
64
65
67
71
71
73
93
93
97
107
107
113
116
129
131
137
143
145
163
164
173
173
174
21
51
58
64
66
70
72
75
76
77
77
104
104
110
121
121
121
126
130
130
140
145
146
147
157
161
163
167
169
169
175
178
5
11
17
19
21
27
36
39
45
70
79
88
93
118
133
142
146
160
16
32
63
72
102
103
125
130
134
153
167
9
21
36
37
46
49
52
60
62
63
88
92
92
100
118
138
162
162
163
175
177
1
25
45
51
59
60
61
86
117
120
120
9
11
11
13
45
48
51
61
63
64
70
73
93
112
152
159
170
170
174
20
29
30
57
62
64
80
92
103
131
150
156
7
26
36
72
74
81
132
135
136
141
155
155
158
171
175
3
42
57
64
77
94
95
96
103
107
113
128
156
179
8
10
13
38
51
58
70
73
94
110
129
133
166
24
27
39
47
49
54
88
88
96
100
121
125
127
135
148
149
2
14
17
36
45
50
54
67
77
103
118
122
123
129
135
137
143
147
149
152
160
163
166
168
168
176
21
29
34
37
43
56
68
79
84
86
87
102
144
163
165
168
174
38
77
87
98
101
114
141
145
167
168
178
22
33
75
75
83
86
114
144
163
170
5
24
27
51
59
61
64
71
80
83
85
85
91
100
137
166
