2
50
50
53
65
68
85
88
91
92
104
116
120
124
126
138
147
152
161
176
177
164
161
152
148
146
131
130
120
115
115
110
92
79
70
66
16
14
5
22
23
24
26
36
44
50
51
55
59
59
66
73
77
83
92
93
93
113
117
118
123
126
132
140
141
149
163
167
175
165
162
146
144
142
141
140
138
126
125
121
114
111
106
104
103
100
89
83
67
59
58
44
42
41
40
34
32
31
15
15
8
5
3
10
20
37
38
39
49
54
66
68
87
89
90
91
95
97
109
109
110
117
122
126
127
134
138
140
151
163
180
174
159
151
148
138
135
134
105
88
79
74
74
73
57
48
47
45
30
30
17
12
25
33
35
42
45
48
49
65
67
73
83
113
116
123
124
131
133
135
135
136
146
150
153
158
170
169
143
133
125
121
118
118
106
103
97
78
70
59
58
52
50
42
33
30
18
4
12
13
16
19
20
25
27
30
32
37
42
47
54
73
92
93
96
101
106
110
110
118
120
122
134
136
143
144
168
175
171
170
168
164
157
155
147
143
140
135
122
111
111
78
76
69
57
41
20
16
8
8
1
2
2
7
38
40
40
43
61
75
82
117
121
124
124
130
132
144
161
162
168
179
178
172
152
136
134
119
118
112
98
81
72
63
61
52
49
48
43
38
5
2
18
21
22
26
38
42
42
50
50
59
61
64
70
78
84
94
99
106
106
118
123
124
124
125
127
137
140
141
143
145
149
175
169
152
148
145
144
127
124
123
117
117
110
95
94
91
78
76
68
57
53
44
29
29
28
10
7
3
13
18
24
33
36
39
42
51
66
72
76
82
104
105
108
122
130
142
157
165
170
174
176
176
179
178
164
162
147
142
125
121
115
96
92
84
67
64
55
22
20
15
6
14
19
22
23
32
42
47
63
64
66
67
72
83
83
86
103
108
110
115
119
134
137
171
172
173
178
177
171
171
159
146
138
112
111
97
93
81
64
60
59
25
17
7
7
8
15
23
27
32
37
46
60
70
74
84
91
106
109
111
111
114
120
123
126
128
137
138
147
155
160
161
162
164
180
166
163
154
154
147
147
133
110
105
101
77
65
53
34
31
16
6
5
1
6
13
30
34
39
43
51
56
65
75
82
83
84
86
95
118
125
130
137
145
148
149
158
173
179
180
146
146
142
141
122
101
98
93
90
84
76
71
70
58
47
43
39
28
8
5
8
36
37
40
43
47
54
58
64
69
72
80
81
81
86
94
101
107
116
137
141
150
164
165
174
172
171
162
160
159
157
147
135
132
130
103
98
91
87
80
78
75
58
54
43
43
36
34
31
29
20
16
14
13
6
2
1
7
9
14
28
44
47
53
58
77
80
88
88
91
105
106
110
111
112
131
139
147
148
154
168
179
174
174
160
158
140
134
127
126
120
90
86
79
77
76
69
61
50
38
33
33
28
2
9
11
20
32
53
61
73
75
95
109
113
126
138
144
150
150
162
164
172
174
179
173
169
168
163
157
155
153
152
149
142
141
131
130
128
127
120
116
109
89
88
75
70
59
51
50
37
33
