177
164
161
153
152
148
146
139
131
130
120
115
115
115
110
92
79
70
70
66
41
25
16
15
14
14
175
165
162
162
146
144
142
141
140
138
126
125
122
121
114
111
106
104
103
100
89
83
71
67
59
58
57
55
49
44
42
41
40
34
32
31
20
15
15
8
5
180
174
159
152
151
148
143
138
135
134
121
106
105
88
79
78
74
74
73
68
59
57
57
48
47
45
30
30
17
12
170
169
168
143
133
130
125
121
118
118
106
103
97
88
87
85
78
78
70
68
59
58
52
50
50
45
42
33
30
18
4
171
170
170
168
164
157
155
147
143
140
135
122
118
111
111
106
86
78
76
69
69
57
56
41
32
25
20
16
8
8
178
176
172
171
158
152
136
134
125
121
119
118
112
98
92
89
81
78
72
72
69
63
61
60
52
49
48
47
46
43
38
26
25
23
5
2
175
169
152
152
150
148
145
144
127
124
123
117
117
115
113
112
110
110
95
94
91
78
76
73
68
64
57
53
44
29
29
28
10
7
179
178
164
162
147
142
142
125
124
121
115
108
96
92
84
67
64
55
53
44
26
22
20
15
15
14
6
178
177
171
171
167
159
146
138
112
111
108
104
97
93
93
81
64
60
59
25
17
17
16
13
7
2
180
166
163
154
154
147
147
143
133
125
110
105
101
90
77
70
68
65
65
64
53
43
36
34
31
20
16
14
6
5
3
180
177
154
148
146
146
142
141
126
122
117
106
101
98
93
90
84
76
71
70
58
47
43
39
34
28
28
10
8
172
171
171
162
160
159
157
147
139
135
132
130
118
103
98
91
87
80
78
75
73
58
54
50
43
43
36
35
34
31
29
25
20
16
14
13
13
6
2
174
174
162
160
158
140
134
127
126
120
91
90
86
79
77
76
69
67
64
61
50
46
38
33
33
28
173
169
168
163
157
155
153
152
149
142
141
137
131
130
128
127
120
119
116
116
109
105
98
89
88
75
70
67
59
51
50
37
33
