25
39
44
45
62
77
82
97
111
123
152
163
166
153
139
115
70
41
25
15
14
3
20
21
32
35
54
107
135
146
160
166
162
122
71
57
55
49
20
9
15
64
76
77
121
128
135
149
166
152
143
121
106
78
68
59
57
4
10
71
79
149
158
171
168
130
88
87
85
78
68
50
45
6
116
121
122
125
142
152
161
170
118
106
86
69
56
32
25
4
11
26
27
32
44
53
78
131
137
143
159
164
169
176
171
158
125
121
92
89
78
72
69
60
47
46
26
25
23
14
53
62
62
73
103
120
122
136
136
137
146
148
165
152
150
115
113
112
110
73
64
22
47
106
112
142
124
108
53
44
26
15
14
25
30
35
35
41
53
56
84
98
99
121
149
156
158
165
167
108
104
93
17
16
13
2
6
9
15
44
64
84
121
122
130
138
169
143
125
90
70
68
65
64
43
36
20
14
3
2
46
47
55
61
86
104
105
148
154
155
177
154
148
126
117
106
34
28
10
26
35
48
61
62
112
122
130
171
139
118
73
50
35
25
13
9
36
42
86
96
99
101
102
114
126
159
160
172
162
91
67
64
46
117
118
121
142
147
175
177
137
119
116
105
98
67
