2
50
50
53
65
91
92
104
116
120
126
147
161
176
177
164
148
146
130
120
115
110
92
79
16
14
5
23
26
36
44
55
73
83
92
93
93
113
117
118
123
126
132
149
163
167
175
165
162
146
144
142
141
138
126
114
111
103
100
89
83
67
44
40
32
31
15
15
8
5
3
10
20
37
38
49
54
68
87
89
90
91
95
97
110
122
138
140
180
174
159
151
135
134
105
88
74
74
73
57
47
45
30
17
12
45
48
73
113
116
124
131
133
135
135
136
146
153
170
143
133
121
118
106
103
97
78
58
52
50
42
33
30
12
16
20
25
27
30
47
54
73
93
96
101
110
120
122
134
136
175
170
164
157
155
147
135
111
111
76
69
57
16
8
2
7
38
40
82
117
121
124
124
130
132
144
162
179
178
136
118
112
98
81
72
63
52
43
2
18
21
22
26
38
50
50
59
61
64
78
84
94
99
106
118
124
125
127
137
140
141
145
149
169
152
148
145
127
124
123
117
94
91
78
76
68
53
28
10
13
24
33
36
42
66
72
104
105
108
142
176
179
178
164
147
142
125
121
115
96
92
67
64
15
6
14
19
23
32
63
64
67
72
86
103
110
115
134
137
171
178
159
138
112
111
97
64
60
59
17
7
8
15
32
37
46
60
70
74
84
106
111
111
123
126
138
147
155
160
161
162
180
166
163
147
147
110
105
101
77
65
53
34
16
6
5
1
6
13
34
43
51
56
65
82
84
86
95
118
125
130
137
145
148
149
158
179
146
142
141
122
101
98
93
84
58
47
43
28
5
8
36
37
43
47
54
64
69
80
81
101
107
116
137
150
165
174
171
162
160
157
135
132
130
103
91
87
80
78
58
54
43
43
36
31
29
20
16
14
13
7
28
47
53
58
80
88
91
106
111
112
147
154
168
179
174
160
158
140
134
90
86
61
50
38
33
28
2
11
20
32
53
113
126
150
164
172
174
179
169
168
157
152
142
131
130
128
120
109
89
75
70
50
37
33
