2
25
39
44
45
50
50
53
62
65
68
77
82
85
88
91
92
97
104
111
116
120
123
124
126
138
147
152
152
161
163
166
176
177
164
161
153
152
148
146
139
131
130
120
115
115
115
110
92
79
70
70
66
41
25
16
15
14
14
3
5
20
21
22
23
24
26
32
35
36
44
50
51
54
55
59
59
66
73
77
83
92
93
93
107
113
117
118
123
126
132
135
140
141
146
149
160
163
166
167
175
165
162
162
146
144
142
141
140
138
126
125
122
121
114
111
106
104
103
100
89
83
71
67
59
58
57
55
49
44
42
41
40
34
32
31
20
15
15
8
5
3
9
10
15
20
37
38
39
49
54
64
66
68
76
77
87
89
90
91
95
97
109
109
110
117
121
122
126
127
128
134
135
138
140
149
151
163
166
180
174
159
152
151
148
143
138
135
134
121
106
105
88
79
78
74
74
73
68
59
57
57
48
47
45
30
30
17
12
4
10
25
33
35
42
45
48
49
65
67
71
73
79
83
113
116
123
124
131
133
135
135
136
146
149
150
153
158
158
171
170
169
168
143
133
130
125
121
118
118
106
103
97
88
87
85
78
78
70
68
59
58
52
50
50
45
42
33
30
18
4
6
12
13
16
19
20
25
27
30
32
37
42
47
54
73
92
93
96
101
106
110
110
116
118
120
121
122
122
125
134
136
142
143
144
152
161
168
175
171
170
170
168
164
157
155
147
143
140
135
122
118
111
111
106
86
78
76
69
69
57
56
41
32
25
20
16
8
8
1
2
2
4
7
11
26
27
32
38
40
40
43
44
53
61
75
78
82
117
121
124
124
130
131
132
137
143
144
159
161
162
164
168
169
179
178
176
172
171
158
152
136
134
125
121
119
118
112
98
92
89
81
78
72
72
69
63
61
60
52
49
48
47
46
43
38
26
25
23
5
2
14
18
21
22
26
38
42
42
50
50
53
59
61
62
62
64
70
73
78
84
94
99
103
106
106
118
120
122
123
124
124
125
127
136
136
137
137
140
141
143
145
146
148
149
165
175
169
152
152
150
148
145
144
127
124
123
117
117
115
113
112
110
110
95
94
91
78
76
73
68
64
57
53
44
29
29
28
10
7
3
13
18
22
24
33
36
39
42
47
51
66
72
76
82
104
105
106
108
112
122
130
142
157
165
170
174
176
176
179
178
164
162
147
142
142
125
124
121
115
108
96
92
84
67
64
55
53
44
26
22
20
15
15
14
6
14
19
22
23
25
30
32
35
35
41
42
47
53
56
63
64
66
67
72
83
83
84
86
98
99
103
108
110
115
119
121
134
137
149
156
158
165
171
172
173
178
177
171
171
167
159
146
138
112
111
108
104
97
93
93
81
64
60
59
25
17
17
16
13
7
2
6
7
8
9
15
15
23
27
32
37
44
46
60
64
70
74
84
84
91
106
109
111
111
114
120
121
122
123
126
128
130
137
138
138
147
155
160
161
162
164
169
180
166
163
154
154
147
147
143
133
125
110
105
101
90
77
70
68
65
65
64
53
43
36
34
31
20
16
14
6
5
3
1
2
6
13
30
34
39
43
46
47
51
55
56
61
65
75
82
83
84
86
86
95
104
105
118
125
130
137
145
148
148
149
154
155
158
173
179
180
177
154
148
146
146
142
141
126
122
117
106
101
98
93
90
84
76
71
70
58
47
43
39
34
28
28
10
8
5
8
26
35
36
37
40
43
47
48
54
58
61
62
64
69
72
80
81
81
86
94
101
107
112
116
122
130
137
141
150
164
165
174
172
171
171
162
160
159
157
147
139
135
132
130
118
103
98
91
87
80
78
75
73
58
54
50
43
43
36
35
34
31
29
25
20
16
14
13
13
6
2
1
7
9
9
14
28
36
42
44
47
53
58
77
80
86
88
88
91
96
99
101
102
105
106
110
111
112
114
126
131
139
147
148
154
159
160
168
172
179
174
174
162
160
158
140
134
127
126
120
91
90
86
79
77
76
69
67
64
61
50
46
38
33
33
28
2
9
11
20
32
53
61
73
75
95
109
113
117
118
121
126
138
142
144
147
150
150
162
164
172
174
175
177
179
173
169
168
163
157
155
153
152
149
142
141
137
131
130
128
127
120
119
116
116
109
105
98
89
88
75
70
67
59
51
50
37
33
