11
11
13
23
23
42
50
60
64
68
76
83
88
94
98
98
110
112
116
121
127
128
131
144
144
149
152
154
158
161
164
179
3
7
7
9
9
10
10
16
18
23
24
31
34
40
40
47
51
62
70
70
81
85
88
93
97
114
116
118
122
122
132
136
137
143
146
148
152
154
157
158
160
163
167
171
172
10
32
36
40
47
50
52
52
54
56
62
68
76
79
80
81
85
87
95
100
105
113
128
136
138
139
145
148
150
155
156
159
161
165
165
169
169
172
5
6
8
24
29
50
74
81
88
90
98
98
101
107
109
120
120

4
10
13
14
22
23
24
30
32
35
38
42
45
66
67
67
76
79
95
98
114
117
118
122
129
130
131
131
139
147
148
149
157
165
173
176
2
3
9
9
10
24
37
61
62
63
72
74
76
80
81
99
115
121
122
132
133
135
138
139
140
140
147
148
149
152
153
153
159
163
170
176
3
18
20
34
35
41
41
55
57
60
82
85
99
102
125
129
136
138
142
143
145
151
156
162
171
171
3
8
18
38
42
48
48
60
62
74
87
90
95
114
114
121
121
125
131
133
141
143
148
154
162
170
175
1
7
14
24
39
42
43
50
54
54
61
90
106
107
109
111
112
122
123
128
130
131

11
13
15
15
23
26
34
43
54
79
87
90
104
110
110
111
119
121
127
147
148
152
153
164
3
13
24
31
34
39
42
45
49
59
71
74
99
107
109
118
123
124
125
125
126
128
131
136
140
140
150
151
151
156
156
162
2
2
3
4
9
9
23
24
27
30
31
38
49
50
53
71
93
95
98
121
125
126
145
150
169
177
178
7
10
29
33
37
47
51
54
57
62
69
75
84
84
86
88
93
115
117
134
146
149
150
150
161
169
173
175
176
1
8
10
17
26
33
47
50
55
64
67
67
76
91
96
98
102
103
107
118
123
136
137
155
161
161
162
174
176
25
33
36
48
54
62
76
77
79
80
82
86
93
97
105
121
122
129
143
150
159
161
162
164
166
14
19
35
38
42
45
50
57
75
77
79
15
3
6
17
21
21
30
35
45
48
52
53
54
62
62
74
76
78
80
80
94
108
113
119
126
127
127
131
135
141
145
146
152
153
159
161
164
169
175
178
11
14
16
34
41
46
67
83
87
102
106
113
120
126
126
126
133
139
140
142
151
162
172
177
178
2
3
8
13
19
23
25
40
48
51
54
63
68
82
84
94
100
153
164
176
8
9
13
19
20
22
23
29
32
34
43
46
48
57
71
75
80
83
86
87
99
101
123
125
130
133
134
135
142
152
153
155
155
161
172
178
29
33
40
47
55
61
63
69
76
79
80
86
88
91
98
131
135
139
143
143
144
158
167
170
9
14
15
28
45
49
58
59
71
74
78
81
88
94
108
124
126
129
135
135
139
143
156
156
174
179
