11
11
13
23
23
42
50
60
64
68
76
83
88
94
98
98
110
112
116
121
127
128
131
144
144
149
152
154
158
161
164
179
167
156
151
151
140
139
138
134
125
114
109
107
107
100
97
90
89
86
83
75
65
61
34
16
12
12
10
8
3
7
7
9
9
10
10
16
18
23
24
31
34
40
40
47
51
62
70
70
81
85
88
93
97
114
116
118
122
122
132
136
137
143
146
148
152
154
157
158
160
163
167
171
172
174
172
169
165
162
161
160
159
159
157
155
153
153
151
149
137
132
124
123
121
119
112
111
109
104
101
87
86
61
58
45
45
43
36
36
34
33
30
29
16
5
10
32
36
40
47
50
52
52
54
56
62
68
76
79
80
81
85
87
95
100
105
113
128
136
138
139
145
148
150
155
156
159
161
165
165
169
169
172
151
136
135
133
131
113
111
101
95
89
84
78
75
71
61
54
52
51
44
38
23
22
15
13
13
11
9
8
3
5
6
8
24
29
50
74
81
88
90
98
98
101
107
109
120
120

4
10
13
14
22
23
24
30
32
35
38
42
45
66
67
67
76
79
95
98
114
117
118
122
129
130
131
131
139
147
148
149
157
165
173
176
174
171
164
162
160
156
151
144
144
142
141
140
134
131
125
125
116
112
112
99
96
96
94
88
78
77
64
55
49
45
42
30
24
24
22
11
7
6
2
3
9
9
10
24
37
61
62
63
72
74
76
80
81
99
115
121
122
132
133
135
138
139
140
140
147
148
149
152
153
153
159
163
170
176
180
175
175
173
165
156
155
154
152
149
146
143
141
139
136
132
130
130
125
125
122
122
113
98
89
84
81
77
75
71
59
59
58
53
46
40
37
34
32
29
24
22
15
3
18
20
34
35
41
41
55
57
60
82
85
99
102
125
129
136
138
142
143
145
151
156
162
171
171
173
163
150
148
141
137
137
125
121
117
117
113
107
106
103
99
92
76
70
65
59
46
30
28
21
18
14
12
8
6
3
8
18
38
42
48
48
60
62
74
87
90
95
114
114
121
121
125
131
133
141
143
148
154
162
170
175
174
167
160
157
156
153
148
144
138
134
122
118
116
116
106
99
82
81
77
77
72
61
51
50
48
43
22
22
21
21
9
2
1
7
14
24
39
42
43
50
54
54
61
90
106
107
109
111
112
122
123
128
130
131

178
176
176
176
11
13
15
15
23
26
34
43
54
79
87
90
104
110
110
111
119
121
127
147
148
152
153
164
176
176
161
160
159
152
149
148
144
139
137
114
112
110
107
103
101
91
86
81
77
76
75
63
57
55
54
53
46
44
38
30
30
23
20
17
17
3
13
24
31
34
39
42
45
49
59
71
74
99
107
109
118
123
124
125
125
126
128
131
136
140
140
150
151
151
156
156
162
180
178
177
171
161
144
141
138
138
134
130
127
121
108
106
105
101
97
96
81
80
79
78
78
77
68
65
64
54
46
44
35
31
27
26
23
19
14
5
2
2
3
4
9
9
23
24
27
30
31
38
49
50
53
71
93
95
98
121
125
126
145
150
169
177
178
177
174
171
155
149
139
138
127
118
117
116
114
97
83
80
79
72
65
64
63
47
43
42
31
21
18
14
11
11
7
10
29
33
37
47
51
54
57
62
69
75
84
84
86
88
93
115
117
134
146
149
150
150
161
169
173
175
176
167
165
165
164
144
136
129
128
122
121
119
110
104
99
98
96
88
84
82
81
80
72
64
59
57
55
54
46
40
37
23
13
4
1
8
10
17
26
33
47
50
55
64
67
67
76
91
96
98
102
103
107
118
123
136
137
155
161
161
162
174
176
177
176
172
168
164
154
147
144
144
138
123
116
109
104
95
95
90
88
87
70
68
66
65
60
55
45
45
42
41
40
39
34
30
21
12
10
9
7
6
25
33
36
48
54
62
76
77
79
80
82
86
93
97
105
121
122
129
143
150
159
161
162
164
166
176
174
172
167
160
156
155
154
151
146
137
129
125
122
112
111
104
99
89
87
79
78
75
72
56
50
48
38
28
24
19
17
17
8
2
14
19
35
38
42
45
50
57
75
77
79
15
166
159
155
152
149
143
135
132
130
128
127
127
125
116
115
102
99
77
67
64
64
55
42
40
37
33
26
17
9
8
7
6
3
6
17
21
21
30
35
45
48
52
53
54
62
62
74
76
78
80
80
94
108
113
119
126
127
127
131
135
141
145
146
152
153
159
161
164
169
175
178
163
160
155
153
148
147
143
124
122
121
113
113
107
98
97
95
85
82
81
76
74
67
58
55
49
46
44
39
33
21
16
15
10
6
11
14
16
34
41
46
67
83
87
102
106
113
120
126
126
126
133
139
140
142
151
162
172
177
178
179
178
173
168
166
154
146
142
138
132
125
122
114
110
106
103
99
98
97
96
90
89
86
80
71
66
65
49
42
40
40
39
39
35
31
21
15
13
13
10
2
3
8
13
19
23
25
40
48
51
54
63
68
82
84
94
100
153
164
176
180
177
169
166
164
154
152
144
137
136
136
126
111
99
90
84
79
72
72
69
67
65
56
48
43
37
31
30
27
25
6
8
9
13
19
20
22
23
29
32
34
43
46
48
57
71
75
80
83
86
87
99
101
123
125
130
133
134
135
142
152
153
155
155
161
172
178
173
156
156
153
151
151
151
150
149
145
142
141
137
135
130
130
129
126
121
113
111
111
106
106
97
86
83
82
82
79
78
63
63
56
47
47
45
41
40
37
34
33
30
23
22
17
6
5
29
33
40
47
55
61
63
69
76
79
80
86
88
91
98
131
135
139
143
143
144
158
167
170
179
173
171
171
170
160
145
143
124
123
121
120
115
113
88
87
78
75
75
71
67
66
66
66
61
54
53
49
43
41
41
41
35
34
33
28
27
26
18
13
10
9
8
5
5
9
14
15
28
45
49
58
59
71
74
78
81
88
94
108
124
126
129
135
135
139
143
156
156
174
179
180
173
168
162
156
152
149
